   1.0000000e+00   1.0000000e+00   9.7224623e+01   9.1265469e-01   8.2711294e-03  -5.4383078e-05   6.7444568e-08   5.0661944e+00   0.0000000e+00   2.3861724e-04   1.7000000e+01   5.0664331e+00   6.8158868e+00   7.5000000e+01   7.0000000e+00   1.0400000e+02   3.4900000e+02   1.1200000e+02
   1.0000000e+00   1.0000000e+00   2.5019488e+00   2.4739175e+00   1.7999975e+00  -1.1851836e-02   1.9130416e-05   2.6535638e+02   1.0000000e+04   0.0000000e+00   1.1000000e+01   2.2514455e+03   5.8114351e+00   7.5000000e+01   7.0000000e+00   1.0400000e+02   3.4900000e+02   1.1200000e+02
   1.0000000e+00   1.0000000e+00   1.1835299e+02  -3.0507147e+00   1.5135225e-01  -1.2240606e-03   2.3360566e-06   3.4990985e+01   1.0000000e+04   1.7382246e-03   1.1000000e+01   1.2210032e+03   6.1192399e+00   7.5000000e+01   7.0000000e+00   1.0400000e+02   3.4900000e+02   1.1200000e+02
   1.0000000e+00   1.0000000e+00   7.7137966e+01  -3.4919470e+00   1.0936496e+00  -6.7291655e-03   1.0386787e-05   1.4856419e+02   1.0000000e+04   0.0000000e+00   1.1000000e+01   2.0806108e+03   5.5648079e+00   7.5000000e+01   7.0000000e+00   1.0400000e+02   3.4900000e+02   1.1200000e+02
   1.0000000e+00   1.0000000e+00   4.5650189e+01   1.7951658e+00   9.7795316e-01  -6.2974036e-03   9.9772720e-06   1.4215663e+02   1.0000000e+04   0.0000000e+00   1.1000000e+01   2.0802024e+03   5.6071546e+00   7.5000000e+01   7.0000000e+00   1.0400000e+02   3.4900000e+02   1.1200000e+02
   1.0000000e+00   3.0000000e+00   1.1005489e+02   2.2624264e+00  -8.9292957e-03   5.1097783e-06   1.1030658e-08   2.8775819e+00   0.0000000e+00   9.3665786e-05   1.1000000e+01   2.8776756e+00   4.8860099e+00   7.5000000e+01   1.5000000e+01   1.4200000e+02   2.3800000e+02   2.4700000e+02
   1.0000000e+00   3.0000000e+00   1.4965886e+02  -1.8332687e+01   1.3434147e+00  -1.0690533e-02   2.2591605e-05   6.8335403e+01   1.0000000e+04   0.0000000e+00   1.1000000e+01   1.2024003e+03   5.0876416e+00   7.5000000e+01   1.5000000e+01   1.4200000e+02   2.3800000e+02   2.4700000e+02
   1.0000000e+00   3.0000000e+00  -1.3243181e+02   2.4302365e+01  -4.3998829e-01   2.7150380e-03  -5.3245355e-06   9.0274167e+00   2.4000000e+01   1.4373395e-02   1.1000000e+01   2.9504179e+02   5.8542626e+00   7.5000000e+01   1.5000000e+01   1.4200000e+02   2.3800000e+02   2.4700000e+02
   1.0000000e+00   3.0000000e+00   1.4258548e+02  -2.4371325e-01   1.4451703e-02  -5.4093784e-05   2.2773277e-08   2.8415952e+00   0.0000000e+00   0.0000000e+00   1.2000000e+01   2.8415952e+00   5.5671289e+00   7.5000000e+01   1.5000000e+01   1.4200000e+02   2.3800000e+02   2.4700000e+02
   1.0000000e+00   3.0000000e+00  -1.0384175e+02   2.0706001e+01  -3.1387977e-01   1.7918608e-03  -3.4141181e-06   6.1309090e+00   3.8000000e+01   9.5220824e-03   1.2000000e+01   1.2414043e+02   7.3299320e+00   7.5000000e+01   1.5000000e+01   1.4200000e+02   2.3800000e+02   2.4700000e+02
   1.0000000e+00   5.0000000e+00   1.3970550e+02   1.7254367e+01   6.2790749e-02  -1.6737308e-03   4.6961818e-06   2.2007419e+01   1.0000000e+04   0.0000000e+00   1.1000000e+01   1.0920224e+03   6.2048817e+00   7.5000000e+01   7.0000000e+00   2.6300000e+02   2.2200000e+02   1.5900000e+02
   1.0000000e+00   5.0000000e+00   1.4946027e+02   1.0923899e+01   8.1212107e-01  -8.0664071e-03   1.8862270e-05   6.0102984e+01   1.0000000e+04   0.0000000e+00   1.1000000e+01   1.2181551e+03   5.2227093e+00   7.5000000e+01   7.0000000e+00   2.6300000e+02   2.2200000e+02   1.5900000e+02
   1.0000000e+00   5.0000000e+00   1.4076781e+02   1.9144582e+01  -2.4659142e-01   8.8885184e-04  -7.4264675e-07   1.1097467e+01   1.0000000e+04   5.2083464e-03   1.4000000e+01   6.9310268e+02   6.3961218e+00   7.5000000e+01   7.0000000e+00   2.6300000e+02   2.2200000e+02   1.5900000e+02
   1.0000000e+00   5.0000000e+00   1.3668582e+02   1.0323848e+01   1.1799608e+00  -1.1171815e-02   2.5447024e-05   8.3953795e+01   1.0000000e+04   0.0000000e+00   1.1000000e+01   1.2840223e+03   5.6665695e+00   7.5000000e+01   7.0000000e+00   2.6300000e+02   2.2200000e+02   1.5900000e+02
   1.0000000e+00   5.0000000e+00   1.4281494e+02   1.8565318e+01  -2.0496608e-01   7.9849203e-04  -1.1281208e-06   9.8389915e+00   1.0000000e+04   4.6014279e-03   1.1000000e+01   9.4584359e+02   5.2957769e+00   7.5000000e+01   7.0000000e+00   2.6300000e+02   2.2200000e+02   1.5900000e+02
   2.0000000e+00   1.0000000e+00   1.4999940e+02  -1.8162946e+00  -7.0910378e-01   4.3040440e-03  -6.4705155e-06   1.0402656e+02   1.0000000e+04   2.4737217e-02   1.1000000e+01   2.1380513e+03   6.2421886e+00   7.5000000e+01   7.0000000e+00   1.0400000e+02   3.4900000e+02   1.1200000e+02
   2.0000000e+00   1.0000000e+00   1.3846169e+02  -9.3480066e-01  -5.9483737e-01   3.6212277e-03  -5.4721213e-06   8.5985476e+01   1.0000000e+04   2.0808050e-02   1.1000000e+01   2.0860063e+03   6.4313797e+00   7.5000000e+01   7.0000000e+00   1.0400000e+02   3.4900000e+02   1.1200000e+02
   2.0000000e+00   1.0000000e+00   9.8079139e+01   8.6592090e-01  -2.7531273e-03  -1.6928802e-05   5.1677919e-08   3.8633192e+00   0.0000000e+00   3.3128144e-04   1.4000000e+01   3.8636505e+00   6.6437445e+00   7.5000000e+01   7.0000000e+00   1.0400000e+02   3.4900000e+02   1.1200000e+02
   2.0000000e+00   1.0000000e+00   1.0685680e+02  -5.7747226e-01   2.5135401e-02  -1.3586406e-04   1.9686235e-07   4.4523416e+00   0.0000000e+00   8.3373468e-04   1.9000000e+01   4.4531754e+00   7.5093966e+00   7.5000000e+01   7.0000000e+00   1.0400000e+02   3.4900000e+02   1.1200000e+02
   2.0000000e+00   1.0000000e+00   1.4885779e+02   6.1415129e-01  -1.0462700e+00   6.2174203e-03  -9.2418947e-06   1.4897446e+02   1.0000000e+04   3.5751884e-02   1.1000000e+01   2.2330102e+03   5.2359663e+00   7.5000000e+01   7.0000000e+00   1.0400000e+02   3.4900000e+02   1.1200000e+02
   2.0000000e+00   3.0000000e+00  -1.2444285e+02   2.5254364e+01  -5.6442770e-01   4.4929919e-03  -1.0671168e-05   2.2893812e+01   1.0000000e+04   2.3116331e-02   1.1000000e+01   7.0091693e+02   5.3022687e+00   7.5000000e+01   1.5000000e+01   1.4200000e+02   2.3800000e+02   2.4700000e+02
   2.0000000e+00   3.0000000e+00  -3.9357135e+01   1.5898607e+01  -2.7931669e-01   1.7486799e-03  -3.5063662e-06   6.1793267e+00   2.3000000e+01   9.2297875e-03   1.5000000e+01   2.1218856e+02   5.9366409e+00   7.5000000e+01   1.5000000e+01   1.4200000e+02   2.3800000e+02   2.4700000e+02
   2.0000000e+00   3.0000000e+00  -9.9979107e+01  -1.8183430e+00   1.3675233e+00  -1.1772677e-02   2.5565628e-05   8.5452550e+01   1.0000000e+04   0.0000000e+00   1.1000000e+01   1.3295279e+03   6.8709250e+00   7.5000000e+01   1.5000000e+01   1.4200000e+02   2.3800000e+02   2.4700000e+02
   2.0000000e+00   3.0000000e+00   1.3536177e+02   1.9134292e+00  -1.1297623e-01   1.0311830e-03  -2.4453441e-06   6.8316394e+00   1.0000000e+04   5.3067742e-03   1.2000000e+01   4.8283695e+02   5.8299044e+00   7.5000000e+01   1.5000000e+01   1.4200000e+02   2.3800000e+02   2.4700000e+02
   2.0000000e+00   3.0000000e+00   1.1885084e+02   1.7753373e+00  -1.6771344e-02   8.9272214e-05  -1.7075917e-07   2.5248040e+00   0.0000000e+00   4.7415998e-04   1.1000000e+01   2.5252782e+00   5.2863719e+00   7.5000000e+01   1.5000000e+01   1.4200000e+02   2.3800000e+02   2.4700000e+02
   1.0000000e+00   1.0000000e+00   1.0309056e+02  -4.8563467e-03   2.0011431e-02  -1.0929303e-04   1.4957923e-07   4.8390095e+00   0.0000000e+00   5.9711744e-04   1.4000000e+01   4.8396067e+00   5.4678477e+00   7.5000000e+01   7.0000000e+00   1.0400000e+02   3.4900000e+02   1.1200000e+02
   1.0000000e+00   1.0000000e+00   1.0614727e+02  -6.4449500e-03  -4.5095810e-02   3.1728206e-04  -5.3832981e-07   8.2857827e+00   1.0000000e+04   1.8132529e-03   1.1000000e+01   1.0942876e+03   6.8261319e+00   7.5000000e+01   7.0000000e+00   1.0400000e+02   3.4900000e+02   1.1200000e+02
   1.0000000e+00   1.0000000e+00   1.3803023e+02  -1.5930901e+00  -4.8747004e-01   2.9683916e-03  -4.4675134e-06   7.2156282e+01   1.0000000e+04   1.7059807e-02   1.1000000e+01   2.0241733e+03   5.6599850e+00   7.5000000e+01   7.0000000e+00   1.0400000e+02   3.4900000e+02   1.1200000e+02
   1.0000000e+00   1.0000000e+00   1.1387861e+02   8.8616310e-01  -3.4244986e-01   2.0575602e-03  -3.1050093e-06   4.7263230e+01   1.0000000e+04   1.1823720e-02   1.1000000e+01   1.9752751e+03   6.9599233e+00   7.5000000e+01   7.0000000e+00   1.0400000e+02   3.4900000e+02   1.1200000e+02
   1.0000000e+00   1.0000000e+00   1.4999984e+02   2.1822616e+00  -1.3033096e+00   7.6191011e-03  -1.1184815e-05   1.8554790e+02   1.0000000e+04   4.3835558e-02   1.1000000e+01   2.2895917e+03   5.3452345e+00   7.5000000e+01   7.0000000e+00   1.0400000e+02   3.4900000e+02   1.1200000e+02
   1.0000000e+00   1.0000000e+00   1.1311340e+02  -1.3821597e+00   1.1700489e-02  -3.4069422e-05   3.3997596e-08   3.6184037e+00   0.0000000e+00   8.0347331e-05   1.7000000e+01   3.6184841e+00   6.2078138e+00   7.5000000e+01   7.0000000e+00   1.0400000e+02   3.4900000e+02   1.1200000e+02
   1.0000000e+00   1.0000000e+00   8.2560609e+01   6.8072517e-01   3.5702492e-01  -2.4182832e-03   3.9839337e-06   5.4761361e+01   1.0000000e+04   0.0000000e+00   1.1000000e+01   1.8667802e+03   6.8013088e+00   7.5000000e+01   7.0000000e+00   1.0400000e+02   3.4900000e+02   1.1200000e+02
   1.0000000e+00   1.0000000e+00   1.0281610e+02   2.6620230e-01  -1.4447752e-02   8.3762979e-05  -1.2703413e-07   3.8682490e+00   0.0000000e+00   4.8123614e-04   1.6000000e+01   3.8687302e+00   6.6791723e+00   7.5000000e+01   7.0000000e+00   1.0400000e+02   3.4900000e+02   1.1200000e+02
   1.0000000e+00   1.0000000e+00   1.4404527e+02   3.8579719e-02  -8.5790256e-01   5.0725597e-03  -7.4941454e-06   1.2384989e+02   1.0000000e+04   2.9176342e-02   1.1000000e+01   2.1538791e+03   6.1696619e+00   7.5000000e+01   7.0000000e+00   1.0400000e+02   3.4900000e+02   1.1200000e+02
   1.0000000e+00   1.0000000e+00   1.4942211e+02  -1.9093071e+00  -6.8245934e-01   4.0758970e-03  -6.0333261e-06   1.0194472e+02   1.0000000e+04   2.3441783e-02   1.1000000e+01   2.1159682e+03   6.9329755e+00   7.5000000e+01   7.0000000e+00   1.0400000e+02   3.4900000e+02   1.1200000e+02
   1.0000000e+00   3.0000000e+00   1.4299358e+02  -4.6844002e-01   2.9619425e-02  -1.9235245e-04   3.5246162e-07   2.8020343e+00   0.0000000e+00   8.5914605e-04   2.0000000e+01   2.8028935e+00   6.4142616e+00   7.5000000e+01   1.5000000e+01   1.4200000e+02   2.3800000e+02   2.4700000e+02
   1.0000000e+00   3.0000000e+00   1.4441478e+02  -6.7783284e-01   3.8212780e-02  -2.5777943e-04   4.9074595e-07   2.9557861e+00   0.0000000e+00   1.2564643e-03   1.5000000e+01   2.9570426e+00   6.3040623e+00   7.5000000e+01   1.5000000e+01   1.4200000e+02   2.3800000e+02   2.4700000e+02
   1.0000000e+00   3.0000000e+00   1.0930120e+02   2.4715689e+00  -2.1085821e-02   1.1315845e-04  -2.4362126e-07   2.8639913e+00   0.0000000e+00   5.9124707e-04   1.5000000e+01   2.8645826e+00   6.1810091e+00   7.5000000e+01   1.5000000e+01   1.4200000e+02   2.3800000e+02   2.4700000e+02
   1.0000000e+00   3.0000000e+00   1.4369334e+02  -5.2749237e-01   3.0490173e-02  -1.9530411e-04   3.5365348e-07   2.8236498e+00   0.0000000e+00   8.4824404e-04   1.2000000e+01   2.8244981e+00   6.5697393e+00   7.5000000e+01   1.5000000e+01   1.4200000e+02   2.3800000e+02   2.4700000e+02
   1.0000000e+00   3.0000000e+00   5.5412888e+01   7.0733766e+00  -9.4392742e-02   5.2620322e-04  -1.0094870e-06   3.2522760e+00   0.0000000e+00   2.7938040e-03   1.4000000e+01   3.2550698e+00   6.8697584e+00   7.5000000e+01   1.5000000e+01   1.4200000e+02   2.3800000e+02   2.4700000e+02
   1.0000000e+00   5.0000000e+00   1.2220962e+02   2.3747242e+01  -5.4564293e-01   3.8375743e-03  -8.3702950e-06   1.1903819e+01   1.0000000e+04   2.1619236e-02   1.4000000e+01   4.9592544e+02   6.1053378e+00   7.5000000e+01   7.0000000e+00   2.6300000e+02   2.2200000e+02   1.5900000e+02
   1.0000000e+00   5.0000000e+00   1.4996896e+02   1.8801752e+01  -3.9787374e-01   2.7072951e-03  -5.8366836e-06   8.3753513e+00   1.0000000e+04   1.5263208e-02   1.1000000e+01   4.9239061e+02   5.3727346e+00   7.5000000e+01   7.0000000e+00   2.6300000e+02   2.2200000e+02   1.5900000e+02
   1.0000000e+00   5.0000000e+00   1.3491800e+02   2.1789551e+01  -5.2515728e-01   3.8142272e-03  -8.5070948e-06   1.2132649e+01   1.0000000e+04   2.1456172e-02   1.1000000e+01   5.9015410e+02   6.7601432e+00   7.5000000e+01   7.0000000e+00   2.6300000e+02   2.2200000e+02   1.5900000e+02
   1.0000000e+00   5.0000000e+00   1.4011538e+02   2.2193995e+01  -7.0747944e-01   6.5130420e-03  -1.7003605e-05   2.9600724e+01   1.0000000e+04   3.6221647e-02   1.4000000e+01   6.2363695e+02   5.9743401e+00   7.5000000e+01   7.0000000e+00   2.6300000e+02   2.2200000e+02   1.5900000e+02
   1.0000000e+00   5.0000000e+00   1.4956786e+02   1.9000666e+01  -4.2152425e-01   3.2084384e-03  -7.6322190e-06   1.1380877e+01   1.0000000e+04   1.7968418e-02   1.1000000e+01   8.5539884e+02   6.2294955e+00   7.5000000e+01   7.0000000e+00   2.6300000e+02   2.2200000e+02   1.5900000e+02
   2.0000000e+00   1.0000000e+00   1.0725653e+02  -1.4081019e+00   1.4377178e-01  -1.3146634e-03   2.6200062e-06   4.3055583e+01   1.0000000e+04   1.6069220e-03   1.3000000e+01   1.3450696e+03   7.2839794e+00   7.5000000e+01   7.0000000e+00   1.0400000e+02   3.4900000e+02   1.1200000e+02
   2.0000000e+00   1.0000000e+00   1.3633577e+02  -6.3922328e-01  -5.9363829e-01   3.6157845e-03  -5.4731793e-06   8.5228755e+01   1.0000000e+04   2.0775213e-02   1.1000000e+01   2.0812495e+03   5.5247561e+00   7.5000000e+01   7.0000000e+00   1.0400000e+02   3.4900000e+02   1.1200000e+02
   2.0000000e+00   1.0000000e+00   8.0167984e+01   1.0160829e+00   3.5585845e-01  -2.1140080e-03   3.1139340e-06   5.3609811e+01   1.0000000e+04   0.0000000e+00   1.1000000e+01   1.9036232e+03   6.0691417e+00   7.5000000e+01   7.0000000e+00   1.0400000e+02   3.4900000e+02   1.1200000e+02
   2.0000000e+00   1.0000000e+00   8.6244382e+01  -1.7986101e+00   6.4496731e-01  -3.7037370e-03   5.3612201e-06   9.2382628e+01   1.0000000e+04   0.0000000e+00   1.1000000e+01   2.0184053e+03   5.6815170e+00   7.5000000e+01   7.0000000e+00   1.0400000e+02   3.4900000e+02   1.1200000e+02
   2.0000000e+00   1.0000000e+00   1.2538487e+02  -2.7157077e+00  -5.1500529e-02   4.3865125e-04  -7.7107128e-07   1.3352192e+01   1.0000000e+04   2.5023676e-03   1.1000000e+01   1.5333547e+03   6.2722297e+00   7.5000000e+01   7.0000000e+00   1.0400000e+02   3.4900000e+02   1.1200000e+02
   2.0000000e+00   3.0000000e+00   1.1839566e+02   1.6991133e+00  -8.6610401e-03   1.9916903e-05  -1.6734658e-08   2.5825830e+00   0.0000000e+00   1.1347694e-04   1.4000000e+01   2.5826965e+00   5.7324955e+00   7.5000000e+01   1.5000000e+01   1.4200000e+02   2.3800000e+02   2.4700000e+02
   2.0000000e+00   3.0000000e+00   1.3418707e+02   2.1286864e-01   2.3125777e-02  -1.7826120e-04   3.6010162e-07   2.8159463e+00   0.0000000e+00   9.8733325e-04   1.3000000e+01   2.8169336e+00   7.2753725e+00   7.5000000e+01   1.5000000e+01   1.4200000e+02   2.3800000e+02   2.4700000e+02
   2.0000000e+00   3.0000000e+00   6.4786871e+01   5.7211337e+00  -3.9378782e-02   7.5820134e-05   9.0393681e-09   3.6710830e+00   0.0000000e+00   5.0655367e-04   1.4000000e+01   3.6715895e+00   5.7661602e+00   7.5000000e+01   1.5000000e+01   1.4200000e+02   2.3800000e+02   2.4700000e+02
   2.0000000e+00   3.0000000e+00   1.2742753e+02   1.0623099e+00  -6.6465673e-03   4.0939974e-05  -9.6209422e-08   2.5251275e+00   0.0000000e+00   2.1100445e-04   1.1000000e+01   2.5253385e+00   6.6695556e+00   7.5000000e+01   1.5000000e+01   1.4200000e+02   2.3800000e+02   2.4700000e+02
   2.0000000e+00   3.0000000e+00   1.0270823e+02   2.9213590e+00  -2.0987749e-02   5.8049145e-05  -4.5110185e-08   2.7225262e+00   0.0000000e+00   3.3205520e-04   1.2000000e+01   2.7228583e+00   5.5112818e+00   7.5000000e+01   1.5000000e+01   1.4200000e+02   2.3800000e+02   2.4700000e+02
   2.0000000e+00   5.0000000e+00   1.2565317e+02   2.2754473e+01  -4.6947547e-01   3.1666275e-03  -6.8041726e-06   9.6146578e+00   1.0000000e+04   1.7856664e-02   1.3000000e+01   5.7963251e+02   6.0299294e+00   7.5000000e+01   7.0000000e+00   2.6300000e+02   2.2200000e+02   1.5900000e+02
   2.0000000e+00   5.0000000e+00   1.4698296e+02   3.8973030e+00   1.9333434e+00  -1.7769852e-02   4.0464493e-05   1.2075078e+02   1.0000000e+04   0.0000000e+00   1.1000000e+01   1.5028598e+03   6.0386768e+00   7.5000000e+01   7.0000000e+00   2.6300000e+02   2.2200000e+02   1.5900000e+02
   2.0000000e+00   5.0000000e+00   1.4559109e+02   2.0473289e+01  -5.6173912e-01   4.8112340e-03  -1.2139939e-05   1.9669629e+01   1.0000000e+04   2.6827894e-02   1.1000000e+01   9.5969646e+02   5.7987270e+00   7.5000000e+01   7.0000000e+00   2.6300000e+02   2.2200000e+02   1.5900000e+02
   2.0000000e+00   5.0000000e+00   1.4997069e+02   1.0157082e+01   9.2049157e-01  -9.4143025e-03   2.2804849e-05   6.3101827e+01   1.0000000e+04   0.0000000e+00   1.1000000e+01   1.4391668e+03   7.3100523e+00   7.5000000e+01   7.0000000e+00   2.6300000e+02   2.2200000e+02   1.5900000e+02
   2.0000000e+00   5.0000000e+00   1.4429401e+02   1.9641443e+01  -4.0217381e-01   2.7307344e-03  -5.9294254e-06   8.4486552e+00   1.0000000e+04   1.5388263e-02   1.4000000e+01   5.3246404e+02   5.7665846e+00   7.5000000e+01   7.0000000e+00   2.6300000e+02   2.2200000e+02   1.5900000e+02
   3.0000000e+00   1.0000000e+00   1.4204190e+02  -4.9013640e-01  -7.3698933e-01   4.4239470e-03  -6.6157949e-06   1.0608279e+02   1.0000000e+04   2.5432229e-02   1.1000000e+01   2.0681082e+03   5.8035665e+00   7.5000000e+01   7.0000000e+00   1.0400000e+02   3.4900000e+02   1.1200000e+02
   3.0000000e+00   1.0000000e+00   7.6465183e+01  -3.6186830e-01   6.3936206e-01  -3.7137552e-03   5.4028054e-06   9.3608227e+01   1.0000000e+04   0.0000000e+00   1.1000000e+01   1.9776312e+03   5.9742966e+00   7.5000000e+01   7.0000000e+00   1.0400000e+02   3.4900000e+02   1.1200000e+02
   3.0000000e+00   1.0000000e+00   1.4368316e+02  -9.1559377e-01  -7.0870089e-01   4.2791839e-03  -6.4233539e-06   1.0250079e+02   1.0000000e+04   2.4595980e-02   1.1000000e+01   2.0505254e+03   5.7056839e+00   7.5000000e+01   7.0000000e+00   1.0400000e+02   3.4900000e+02   1.1200000e+02
   3.0000000e+00   1.0000000e+00   9.9143188e+01   5.7040905e-01   1.8509382e-02  -1.2678830e-04   1.9877406e-07   5.0582063e+00   0.0000000e+00   9.0420177e-04   1.6000000e+01   5.0591105e+00   5.9137480e+00   7.5000000e+01   7.0000000e+00   1.0400000e+02   3.4900000e+02   1.1200000e+02
   3.0000000e+00   1.0000000e+00   8.9265656e+01  -7.1903547e-01   4.2000523e-01  -2.3932748e-03   3.4276781e-06   6.2323084e+01   1.0000000e+04   0.0000000e+00   1.1000000e+01   1.9243374e+03   7.0462332e+00   7.5000000e+01   7.0000000e+00   1.0400000e+02   3.4900000e+02   1.1200000e+02
   3.0000000e+00   3.0000000e+00   9.5013092e+01  -1.3549455e+01   1.2584693e+00  -1.0073523e-02   2.1160986e-05   6.8545453e+01   1.0000000e+04   0.0000000e+00   1.1000000e+01   1.2986059e+03   5.9839033e+00   7.5000000e+01   1.5000000e+01   1.4200000e+02   2.3800000e+02   2.4700000e+02
   3.0000000e+00   3.0000000e+00   1.2320811e+02  -1.7012646e+01   1.3779403e+00  -1.1032927e-02   2.3331039e-05   7.1990800e+01   1.0000000e+04   0.0000000e+00   1.1000000e+01   1.2840579e+03   5.7280071e+00   7.5000000e+01   1.5000000e+01   1.4200000e+02   2.3800000e+02   2.4700000e+02
   3.0000000e+00   3.0000000e+00   1.4624478e+02  -6.4016986e-01   2.5925261e-02  -1.4433776e-04   2.2766183e-07   2.7655177e+00   0.0000000e+00   4.3437782e-04   1.2000000e+01   2.7659521e+00   6.1398864e+00   7.5000000e+01   1.5000000e+01   1.4200000e+02   2.3800000e+02   2.4700000e+02
   3.0000000e+00   3.0000000e+00  -1.9038976e+01   1.3250442e+01  -1.8196007e-01   9.8229584e-04  -1.8149104e-06   4.2146445e+00   0.0000000e+00   5.2404073e-03   1.8000000e+01   4.2198849e+00   6.3024812e+00   7.5000000e+01   1.5000000e+01   1.4200000e+02   2.3800000e+02   2.4700000e+02
   3.0000000e+00   3.0000000e+00   2.8192756e+01  -8.6794181e+00   1.2327494e+00  -1.0215506e-02   2.1871197e-05   7.0504119e+01   1.0000000e+04   0.0000000e+00   1.1000000e+01   1.2865678e+03   7.1767726e+00   7.5000000e+01   1.5000000e+01   1.4200000e+02   2.3800000e+02   2.4700000e+02
   3.0000000e+00   5.0000000e+00   1.4060573e+02   1.3187651e+01   6.6109639e-01  -6.8574214e-03   1.6277505e-05   5.3115908e+01   1.0000000e+04   0.0000000e+00   1.1000000e+01   1.1991615e+03   6.9314739e+00   7.5000000e+01   7.0000000e+00   2.6300000e+02   2.2200000e+02   1.5900000e+02
   3.0000000e+00   5.0000000e+00   1.4999993e+02   1.6279954e+01  -1.3550487e-02  -8.8124392e-04   2.7602493e-06   1.6943762e+01   1.0000000e+04   0.0000000e+00   1.1000000e+01   1.0429532e+03   6.5747208e+00   7.5000000e+01   7.0000000e+00   2.6300000e+02   2.2200000e+02   1.5900000e+02
   3.0000000e+00   5.0000000e+00   1.4947206e+02   2.0493977e+01  -6.5110745e-01   5.8616067e-03  -1.5061503e-05   2.5431986e+01   1.0000000e+04   3.2639308e-02   1.2000000e+01   8.9546462e+02   5.6182320e+00   7.5000000e+01   7.0000000e+00   2.6300000e+02   2.2200000e+02   1.5900000e+02
   3.0000000e+00   5.0000000e+00   1.4991104e+02   1.7355359e+01  -1.7543406e-01   5.8089446e-04  -6.3950547e-07   9.9364342e+00   1.0000000e+04   3.3779298e-03   1.1000000e+01   9.3393981e+02   6.0012315e+00   7.5000000e+01   7.0000000e+00   2.6300000e+02   2.2200000e+02   1.5900000e+02
   3.0000000e+00   5.0000000e+00   1.3226743e+02   1.5369238e+01   5.1095673e-01  -5.6015070e-03   1.3470689e-05   4.6619564e+01   1.0000000e+04   0.0000000e+00   1.1000000e+01   1.1866577e+03   6.0139603e+00   7.5000000e+01   7.0000000e+00   2.6300000e+02   2.2200000e+02   1.5900000e+02
   1.0000000e+00   1.0000000e+00   1.4956831e+02  -1.2063758e+00  -7.9028425e-01   4.7144042e-03  -6.9941511e-06   1.1585366e+02   1.0000000e+04   2.7111408e-02   1.1000000e+01   2.1318808e+03   6.4059119e+00   7.5000000e+01   7.0000000e+00   1.0400000e+02   3.4900000e+02   1.1200000e+02
   1.0000000e+00   1.0000000e+00   1.0372380e+02   7.2391052e-02  -4.8943140e-03   2.7333677e-05  -3.9282229e-08   3.4931705e+00   0.0000000e+00   1.5740265e-04   1.2000000e+01   3.4933279e+00   5.7171305e+00   7.5000000e+01   7.0000000e+00   1.0400000e+02   3.4900000e+02   1.1200000e+02
   1.0000000e+00   1.0000000e+00   7.5903059e+01  -1.1091410e+00   7.6556253e-01  -4.8691294e-03   7.6948304e-06   1.0735494e+02   1.0000000e+04   0.0000000e+00   1.1000000e+01   2.0153902e+03   5.5413217e+00   7.5000000e+01   7.0000000e+00   1.0400000e+02   3.4900000e+02   1.1200000e+02
   1.0000000e+00   1.0000000e+00   1.0747047e+02  -1.0422449e+00   8.1465492e-02  -4.9096573e-04   7.6276147e-07   1.0677468e+01   1.0000000e+04   0.0000000e+00   1.1000000e+01   8.2668091e+02   5.7146807e+00   7.5000000e+01   7.0000000e+00   1.0400000e+02   3.4900000e+02   1.1200000e+02
   1.0000000e+00   1.0000000e+00   1.4999974e+02  -2.0304575e+00  -6.7681546e-01   4.0579676e-03  -6.0254783e-06   1.0099559e+02   1.0000000e+04   2.3335525e-02   1.2000000e+01   2.1030189e+03   5.7984532e+00   7.5000000e+01   7.0000000e+00   1.0400000e+02   3.4900000e+02   1.1200000e+02
   1.0000000e+00   1.0000000e+00   1.4999696e+02  -1.3452094e+00  -7.7724354e-01   4.4301154e-03  -6.2833987e-06   1.2304887e+02   1.0000000e+04   2.5525082e-02   1.1000000e+01   2.2590744e+03   5.7118183e+00   7.5000000e+01   7.0000000e+00   1.0400000e+02   3.4900000e+02   1.1200000e+02
   1.0000000e+00   1.0000000e+00   8.2134925e+01  -3.6023012e-01   5.1918517e-01  -3.1035845e-03   4.6407106e-06   7.3497765e+01   1.0000000e+04   0.0000000e+00   1.1000000e+01   1.9255180e+03   6.5932177e+00   7.5000000e+01   7.0000000e+00   1.0400000e+02   3.4900000e+02   1.1200000e+02
   1.0000000e+00   1.0000000e+00   1.0166770e+02  -1.7869802e+00   3.1558325e-01  -1.8335642e-03   2.7055260e-06   4.2539695e+01   1.0000000e+04   0.0000000e+00   1.1000000e+01   1.7565514e+03   5.4680290e+00   7.5000000e+01   7.0000000e+00   1.0400000e+02   3.4900000e+02   1.1200000e+02
   1.0000000e+00   1.0000000e+00   1.1766073e+02  -1.2540430e+00  -1.0453561e-01   7.0712880e-04  -1.1387885e-06   1.7543809e+01   1.0000000e+04   4.0514563e-03   1.1000000e+01   1.6435479e+03   6.1477106e+00   7.5000000e+01   7.0000000e+00   1.0400000e+02   3.4900000e+02   1.1200000e+02
   1.0000000e+00   1.0000000e+00   1.1457896e+02   7.7593624e-01  -3.4070110e-01   2.0146619e-03  -2.9939032e-06   4.7721017e+01   1.0000000e+04   1.1584996e-02   1.1000000e+01   1.9737326e+03   5.8864181e+00   7.5000000e+01   7.0000000e+00   1.0400000e+02   3.4900000e+02   1.1200000e+02
   1.0000000e+00   1.0000000e+00   1.0851217e+02   1.4330829e+00  -3.0958560e-01   1.8443325e-03  -2.7763653e-06   4.1753129e+01   1.0000000e+04   1.0599566e-02   1.5000000e+01   1.9457637e+03   5.8065286e+00   7.5000000e+01   7.0000000e+00   1.0400000e+02   3.4900000e+02   1.1200000e+02
   1.0000000e+00   1.0000000e+00   6.4772245e+01   3.1119463e-01   7.9076129e-01  -5.0050900e-03   7.8448552e-06   1.1247671e+02   1.0000000e+04   0.0000000e+00   1.1000000e+01   2.0205124e+03   5.6753406e+00   7.5000000e+01   7.0000000e+00   1.0400000e+02   3.4900000e+02   1.1200000e+02
   1.0000000e+00   1.0000000e+00   1.4999991e+02   2.5685141e+00  -1.3608137e+00   7.9545697e-03  -1.1683013e-05   1.9306078e+02   1.0000000e+04   4.5764672e-02   1.1000000e+01   2.2511065e+03   6.0879679e+00   7.5000000e+01   7.0000000e+00   1.0400000e+02   3.4900000e+02   1.1200000e+02
   1.0000000e+00   1.0000000e+00   7.0585203e+01   6.6184579e-01   6.1485763e-01  -3.9688043e-03   6.3111031e-06   8.9020245e+01   1.0000000e+04   0.0000000e+00   1.1000000e+01   1.9730493e+03   5.4692068e+00   7.5000000e+01   7.0000000e+00   1.0400000e+02   3.4900000e+02   1.1200000e+02
   1.0000000e+00   1.0000000e+00   1.3936385e+02  -9.2209260e-01  -6.1564263e-01   3.7043270e-03  -5.5397744e-06   8.9574565e+01   1.0000000e+04   2.1295280e-02   1.3000000e+01   2.0635959e+03   5.6456756e+00   7.5000000e+01   7.0000000e+00   1.0400000e+02   3.4900000e+02   1.1200000e+02
   1.0000000e+00   3.0000000e+00   8.0314694e+01   5.1585107e+00  -7.3604284e-02   2.5916897e-04  -1.2021864e-07   5.4575472e+00   7.0000000e+00   1.5117351e-03   2.9000000e+01   8.5459059e+01   6.3918889e+00   7.5000000e+01   1.5000000e+01   1.4200000e+02   2.3800000e+02   2.4700000e+02
   1.0000000e+00   3.0000000e+00   1.1850535e+02   1.6835489e+00  -8.3319308e-03   3.5716735e-05  -8.7810304e-08   2.7620280e+00   0.0000000e+00   1.8268870e-04   1.3000000e+01   2.7622107e+00   5.4525671e+00   7.5000000e+01   1.5000000e+01   1.4200000e+02   2.3800000e+02   2.4700000e+02
   1.0000000e+00   3.0000000e+00   1.0025790e+02  -1.0299732e+01   9.8942376e-01  -8.0761044e-03   1.7275543e-05   5.2997100e+01   1.0000000e+04   0.0000000e+00   1.4000000e+01   1.1630473e+03   5.8398719e+00   7.5000000e+01   1.5000000e+01   1.4200000e+02   2.3800000e+02   2.4700000e+02
   1.0000000e+00   3.0000000e+00   6.3168247e+01   5.4019083e+00  -3.7604240e-03  -4.2271632e-04   1.4991032e-06   7.7750118e+00   6.0000000e+00   6.0265796e-03   2.3000000e+01   7.5781038e+01   7.7434129e+00   7.5000000e+01   1.5000000e+01   1.4200000e+02   2.3800000e+02   2.4700000e+02
   1.0000000e+00   3.0000000e+00  -1.4933644e+02   3.5508777e+01  -1.2990325e+00   1.5796525e-02  -4.5949086e-05   1.6167351e+02   1.0000000e+04   7.8237479e-02   1.2000000e+01   1.1517518e+03   5.6569598e+00   7.5000000e+01   1.5000000e+01   1.4200000e+02   2.3800000e+02   2.4700000e+02
