   1.0000000e+00   1.0000000e+00   1.0655736e+02  -3.7973157e-01   2.0751980e-03  -2.7004505e-06   3.4557811e+00   0.0000000e+00   0.0000000e+00   1.8000000e+01   3.4557811e+00   6.4977945e+00   7.5000000e+01   7.0000000e+00   1.0400000e+02   3.4900000e+02   1.1200000e+02
   1.0000000e+00   1.0000000e+00   1.0802033e+02  -5.9848145e-01   3.4847289e-03  -4.9776754e-06   3.4934049e+00   0.0000000e+00   0.0000000e+00   2.0000000e+01   3.4934049e+00   6.0730928e+00   7.5000000e+01   7.0000000e+00   1.0400000e+02   3.4900000e+02   1.1200000e+02
   1.0000000e+00   1.0000000e+00   1.0473465e+02  -1.0504547e-01   6.4740921e-06   1.0147998e-06   3.4420025e+00   0.0000000e+00   6.0887988e-06   1.9000000e+01   3.4420025e+00   6.0050481e+00   7.5000000e+01   7.0000000e+00   1.0400000e+02   3.4900000e+02   1.1200000e+02
   1.0000000e+00   1.0000000e+00   1.0304348e+02   1.7435113e-01  -5.4880911e-03   1.4504446e-05   3.9060092e+00   0.0000000e+00   8.7026677e-05   1.7000000e+01   3.9060092e+00   6.0035426e+00   7.5000000e+01   7.0000000e+00   1.0400000e+02   3.4900000e+02   1.1200000e+02
   1.0000000e+00   1.0000000e+00   1.0285940e+02   1.7894917e-01  -2.3244391e-03   5.4061208e-06   3.4745796e+00   0.0000000e+00   3.2436725e-05   1.4000000e+01   3.4745796e+00   5.4536272e+00   7.5000000e+01   7.0000000e+00   1.0400000e+02   3.4900000e+02   1.1200000e+02
   1.0000000e+00   2.0000000e+00   1.2733974e+02   9.5286903e-01   1.8690890e-03  -1.5799344e-05   2.7401369e+00   0.0000000e+00   0.0000000e+00   1.5000000e+01   2.7401369e+00   6.9375929e+00   7.5000000e+01   1.5000000e+01   1.4200000e+02   2.3800000e+02   2.4700000e+02
   1.0000000e+00   2.0000000e+00   1.2563688e+02   1.0826119e+00   7.4976724e-04  -1.3260494e-05   2.7475695e+00   0.0000000e+00   0.0000000e+00   1.2000000e+01   2.7475695e+00   5.3827438e+00   7.5000000e+01   1.5000000e+01   1.4200000e+02   2.3800000e+02   2.4700000e+02
   1.0000000e+00   2.0000000e+00  -4.4274907e+00   1.1569802e+01  -1.2566742e-01   3.4240984e-04   7.7489068e+00   4.0000000e+00   2.0544590e-03   1.4000000e+01   6.5748907e+01   5.1618816e+00   7.5000000e+01   1.5000000e+01   1.4200000e+02   2.3800000e+02   2.4700000e+02
   1.0000000e+00   2.0000000e+00   6.0734622e+01   6.0306858e+00  -4.2131888e-02   8.4374888e-05   3.7721501e+00   0.0000000e+00   5.0624933e-04   1.7000000e+01   3.7721501e+00   5.5911914e+00   7.5000000e+01   1.5000000e+01   1.4200000e+02   2.3800000e+02   2.4700000e+02
   1.0000000e+00   2.0000000e+00   1.2954832e+02   7.8314634e-01   3.4235001e-03  -1.9498004e-05   2.7399161e+00   0.0000000e+00   0.0000000e+00   1.7000000e+01   2.7399161e+00   5.4779602e+00   7.5000000e+01   1.5000000e+01   1.4200000e+02   2.3800000e+02   2.4700000e+02
   1.0000000e+00   3.0000000e+00   2.6306781e+02  -2.2431843e-02   1.8857426e-03  -9.2912322e-06   3.4718534e+00   0.0000000e+00   0.0000000e+00   1.7000000e+01   3.4718534e+00   6.0795777e+00   7.5000000e+01   7.0000000e+00   2.6300000e+02   3.1100000e+02   1.5900000e+02
   1.0000000e+00   3.0000000e+00   2.6220814e+02   1.0791835e-01   7.9315238e-04  -7.0971942e-06   3.4697749e+00   0.0000000e+00   0.0000000e+00   2.0000000e+01   3.4697749e+00   6.3211141e+00   7.5000000e+01   7.0000000e+00   2.6300000e+02   3.1100000e+02   1.5900000e+02
   1.0000000e+00   3.0000000e+00   2.6763461e+02  -7.1742334e-01   8.0599235e-03  -2.2110196e-05   3.6126336e+00   0.0000000e+00   0.0000000e+00   1.5000000e+01   3.6126336e+00   5.1391049e+00   7.5000000e+01   7.0000000e+00   2.6300000e+02   3.1100000e+02   1.5900000e+02
   1.0000000e+00   3.0000000e+00   2.6004136e+02   4.3624203e-01  -1.9282079e-03  -1.6693501e-06   3.4898849e+00   0.0000000e+00   0.0000000e+00   1.9000000e+01   3.4898849e+00   5.7256939e+00   7.5000000e+01   7.0000000e+00   2.6300000e+02   3.1100000e+02   1.5900000e+02
   1.0000000e+00   3.0000000e+00   2.6321924e+02  -4.5238888e-02   2.0556023e-03  -9.6066369e-06   3.4704661e+00   0.0000000e+00   0.0000000e+00   1.6000000e+01   3.4704661e+00   5.5312960e+00   7.5000000e+01   7.0000000e+00   2.6300000e+02   3.1100000e+02   1.5900000e+02
   1.0000000e+00   4.0000000e+00   9.8425331e+01   1.5135471e+00  -1.3236961e-04  -1.7333425e-05   3.8935666e+00   0.0000000e+00   0.0000000e+00   1.1000000e+01   3.8935666e+00   5.9843640e+00   7.5000000e+01   9.1000000e+01   2.2200000e+02   3.1400000e+02   2.4000000e+01
   1.0000000e+00   4.0000000e+00   8.3551972e+01   1.8058997e+00  -1.8086390e-03  -1.4479725e-05   3.8938778e+00   0.0000000e+00   0.0000000e+00   1.1000000e+01   3.8938778e+00   5.5671559e+00   7.5000000e+01   9.1000000e+01   2.2200000e+02   3.1400000e+02   2.4000000e+01
   1.0000000e+00   4.0000000e+00   8.9180772e+01   1.6945712e+00  -1.1645042e-03  -1.5583785e-05   3.8944183e+00   0.0000000e+00   0.0000000e+00   1.1000000e+01   3.8944183e+00   5.4763469e+00   7.5000000e+01   9.1000000e+01   2.2200000e+02   3.1400000e+02   2.4000000e+01
   1.0000000e+00   4.0000000e+00   1.0176762e+02   1.4460371e+00   2.7002081e-04  -1.8038168e-05   3.8955795e+00   0.0000000e+00   0.0000000e+00   1.1000000e+01   3.8955795e+00   5.2662400e+00   7.5000000e+01   9.1000000e+01   2.2200000e+02   3.1400000e+02   2.4000000e+01
   1.0000000e+00   4.0000000e+00   5.0891814e+01   2.4462739e+00  -5.4668852e-03  -8.2692473e-06   3.8987939e+00   0.0000000e+00   0.0000000e+00   1.1000000e+01   3.8987939e+00   5.6065483e+00   7.5000000e+01   9.1000000e+01   2.2200000e+02   3.1400000e+02   2.4000000e+01
   1.0000000e+00   5.0000000e+00   1.6288018e+02   9.6159023e-01   1.3474645e-04  -5.4173760e-07   1.7538585e+00   0.0000000e+00   0.0000000e+00   1.1000000e+01   1.7538585e+00   5.0453661e+00   7.5000000e+01   5.8000000e+01   2.1900000e+02   1.8400000e+02   3.4100000e+02
   1.0000000e+00   5.0000000e+00   1.3635883e+01   5.5447052e+00  -4.1034713e-02   1.1179214e-04   1.7881749e+00   0.0000000e+00   6.7075285e-04   1.1000000e+01   1.7881749e+00   5.0002092e+00   7.5000000e+01   5.8000000e+01   2.1900000e+02   1.8400000e+02   3.4100000e+02
   1.0000000e+00   5.0000000e+00   1.6304934e+02   9.6372707e-01   1.5157840e-05   1.7929891e-08   1.7538535e+00   0.0000000e+00   1.0757934e-07   1.1000000e+01   1.7538535e+00   5.4927791e+00   7.5000000e+01   5.8000000e+01   2.1900000e+02   1.8400000e+02   3.4100000e+02
   1.0000000e+00   5.0000000e+00   1.6246237e+02   9.7663083e-01  -3.0626243e-05  -2.0155916e-08   1.7538547e+00   0.0000000e+00   0.0000000e+00   1.1000000e+01   1.7538547e+00   5.4907427e+00   7.5000000e+01   5.8000000e+01   2.1900000e+02   1.8400000e+02   3.4100000e+02
   1.0000000e+00   5.0000000e+00   1.6146001e+02   1.0192756e+00  -5.7615011e-04   1.8459594e-06   1.7538737e+00   0.0000000e+00   1.1075756e-05   1.1000000e+01   1.7538737e+00   5.3071154e+00   7.5000000e+01   5.8000000e+01   2.1900000e+02   1.8400000e+02   3.4100000e+02
   2.0000000e+00   1.0000000e+00   4.7803877e+02  -1.0596923e+00   5.3190082e-05   7.8833163e-07   2.6175708e+00   0.0000000e+00   4.7299898e-06   1.1000000e+01   2.6175708e+00   5.5924635e+00   7.5000000e+01   1.5500000e+02   3.1800000e+02   3.5200000e+02   1.4600000e+02
   2.0000000e+00   1.0000000e+00   4.9888839e+02  -1.3261233e+00   1.1107623e-03  -5.4387942e-07   2.6178504e+00   0.0000000e+00   0.0000000e+00   1.1000000e+01   2.6178504e+00   5.3056858e+00   7.5000000e+01   1.5500000e+02   3.1800000e+02   3.5200000e+02   1.4600000e+02
   2.0000000e+00   1.0000000e+00   4.8774309e+02  -1.1873038e+00   5.7890987e-04   1.0222795e-07   2.6175611e+00   0.0000000e+00   6.1336771e-07   1.1000000e+01   2.6175611e+00   6.0484207e+00   7.5000000e+01   1.5500000e+02   3.1800000e+02   3.5200000e+02   1.4600000e+02
   2.0000000e+00   1.0000000e+00   4.1903299e+02  -2.1631709e-01  -3.7701709e-03   6.1963727e-06   2.6216629e+00   0.0000000e+00   3.7178236e-05   1.1000000e+01   2.6216629e+00   5.7458537e+00   7.5000000e+01   1.5500000e+02   3.1800000e+02   3.5200000e+02   1.4600000e+02
   2.0000000e+00   1.0000000e+00   4.9415234e+02  -1.2710695e+00   9.2133090e-04  -3.4145933e-07   2.6175883e+00   0.0000000e+00   0.0000000e+00   1.1000000e+01   2.6175883e+00   5.0783864e+00   7.5000000e+01   1.5500000e+02   3.1800000e+02   3.5200000e+02   1.4600000e+02
   2.0000000e+00   2.0000000e+00   4.4234630e+02  -2.0738620e+00  -4.8423481e-03   3.6761143e-05   1.2219306e+00   0.0000000e+00   2.2056686e-04   1.1000000e+01   1.2219306e+00   7.0336782e+00   7.5000000e+01   1.1600000e+02   1.9400000e+02   2.0600000e+02   1.3100000e+02
   2.0000000e+00   2.0000000e+00   4.7067315e+02  -2.6206719e+00  -1.4321402e-03   2.9851870e-05   1.2217166e+00   0.0000000e+00   1.7911122e-04   1.1000000e+01   1.2217166e+00   5.0477814e+00   7.5000000e+01   1.1600000e+02   1.9400000e+02   2.0600000e+02   1.3100000e+02
   2.0000000e+00   2.0000000e+00   1.9466494e+02   2.6940460e+00  -3.4481869e-02   9.6619990e-05   1.2244778e+00   0.0000000e+00   5.7971994e-04   1.1000000e+01   1.2244778e+00   5.1502468e+00   7.5000000e+01   1.1600000e+02   1.9400000e+02   2.0600000e+02   1.3100000e+02
   2.0000000e+00   2.0000000e+00   4.9007520e+02  -2.9936069e+00   8.8214742e-04   2.5186186e-05   1.2218184e+00   0.0000000e+00   1.5111712e-04   1.1000000e+01   1.2218184e+00   4.9404698e+00   7.5000000e+01   1.1600000e+02   1.9400000e+02   2.0600000e+02   1.3100000e+02
   2.0000000e+00   2.0000000e+00   4.8136195e+02  -2.8264125e+00  -1.5331048e-04   2.7269495e-05   1.2217308e+00   0.0000000e+00   1.6361697e-04   1.1000000e+01   1.2217308e+00   5.6253388e+00   7.5000000e+01   1.1600000e+02   1.9400000e+02   2.0600000e+02   1.3100000e+02
   2.0000000e+00   3.0000000e+00  -2.2604149e+01   4.9319927e+00  -2.4952037e-02   3.1462850e-05   2.2058060e+00   0.0000000e+00   1.8877710e-04   1.1000000e+01   2.2058060e+00   5.1206232e+00   7.5000000e+01   1.5600000e+02   2.5900000e+02   2.8600000e+02   8.3000000e+01
   2.0000000e+00   3.0000000e+00  -4.1428697e+01   5.2147027e+00  -2.6327186e-02   3.3619467e-05   2.2058589e+00   0.0000000e+00   2.0171680e-04   1.1000000e+01   2.2058589e+00   5.0817627e+00   7.5000000e+01   1.5600000e+02   2.5900000e+02   2.8600000e+02   8.3000000e+01
   2.0000000e+00   3.0000000e+00   3.9822244e+01   3.9871576e+00  -2.0319359e-02   2.4147271e-05   2.2060382e+00   0.0000000e+00   1.4488362e-04   1.1000000e+01   2.2060382e+00   5.4373360e+00   7.5000000e+01   1.5600000e+02   2.5900000e+02   2.8600000e+02   8.3000000e+01
   2.0000000e+00   3.0000000e+00  -3.3281904e+01   5.0943456e+00  -2.5751797e-02   3.2730800e-05   2.2057653e+00   0.0000000e+00   1.9638480e-04   1.1000000e+01   2.2057653e+00   4.8009468e+00   7.5000000e+01   1.5600000e+02   2.5900000e+02   2.8600000e+02   8.3000000e+01
   2.0000000e+00   3.0000000e+00  -4.0516687e+01   5.2033519e+00  -2.6283803e-02   3.3567564e-05   2.2057759e+00   0.0000000e+00   2.0140538e-04   1.1000000e+01   2.2057759e+00   4.6769134e+00   7.5000000e+01   1.5600000e+02   2.5900000e+02   2.8600000e+02   8.3000000e+01
   2.0000000e+00   4.0000000e+00   2.2477548e+02   1.6781721e+00  -2.4065812e-02   6.4379783e-05   2.2125392e+00   0.0000000e+00   3.8627870e-04   1.7000000e+01   2.2125392e+00   5.5675963e+00   7.5000000e+01   4.8000000e+01   2.5700000e+02   2.0800000e+02   1.1200000e+02
   2.0000000e+00   4.0000000e+00   3.1912494e+02  -1.2887027e+00  -5.7323451e-04   9.5262235e-06   2.1893707e+00   0.0000000e+00   5.7157341e-05   1.1000000e+01   2.1893707e+00   4.9377967e+00   7.5000000e+01   4.8000000e+01   2.5700000e+02   2.0800000e+02   1.1200000e+02
   2.0000000e+00   4.0000000e+00   2.9511900e+02  -5.4245697e-01  -6.3291852e-03   2.2618058e-05   2.1836758e+00   0.0000000e+00   1.3570835e-04   1.1000000e+01   2.1836758e+00   5.6993857e+00   7.5000000e+01   4.8000000e+01   2.5700000e+02   2.0800000e+02   1.1200000e+02
   2.0000000e+00   4.0000000e+00   2.9631522e+02  -5.7940120e-01  -6.0485513e-03   2.1989853e-05   2.1838947e+00   0.0000000e+00   1.3193912e-04   1.1000000e+01   2.1838947e+00   5.3176435e+00   7.5000000e+01   4.8000000e+01   2.5700000e+02   2.0800000e+02   1.1200000e+02
   2.0000000e+00   4.0000000e+00   3.0698911e+02  -9.1508304e-01  -3.3899031e-03   1.5780678e-05   2.1848043e+00   0.0000000e+00   9.4684069e-05   1.1000000e+01   2.1848043e+00   6.4159631e+00   7.5000000e+01   4.8000000e+01   2.5700000e+02   2.0800000e+02   1.1200000e+02
   2.0000000e+00   5.0000000e+00   4.6917806e+02  -4.7377515e+00   2.9483904e-02  -5.1711475e-05   1.8999393e+00   0.0000000e+00   0.0000000e+00   1.1000000e+01   1.8999393e+00   5.7221621e+00   7.5000000e+01   1.5100000e+02   2.4800000e+02   3.0800000e+02   2.9600000e+02
   2.0000000e+00   5.0000000e+00   4.8579454e+02  -4.9620362e+00   3.0436226e-02  -5.3007857e-05   1.8987871e+00   0.0000000e+00   0.0000000e+00   1.1000000e+01   1.8987871e+00   5.1839893e+00   7.5000000e+01   1.5100000e+02   2.4800000e+02   3.0800000e+02   2.9600000e+02
   2.0000000e+00   5.0000000e+00   4.6015638e+02  -4.6168080e+00   2.8975032e-02  -5.1025439e-05   1.9008777e+00   0.0000000e+00   0.0000000e+00   1.2000000e+01   1.9008777e+00   6.2265043e+00   7.5000000e+01   1.5100000e+02   2.4800000e+02   3.0800000e+02   2.9600000e+02
   2.0000000e+00   5.0000000e+00   4.9297764e+02  -5.0624402e+00   3.0881936e-02  -5.3642415e-05   1.8994710e+00   0.0000000e+00   0.0000000e+00   1.1000000e+01   1.8994710e+00   5.4514215e+00   7.5000000e+01   1.5100000e+02   2.4800000e+02   3.0800000e+02   2.9600000e+02
   2.0000000e+00   5.0000000e+00   4.9777214e+02  -5.1260773e+00   3.1146082e-02  -5.3993298e-05   1.8987993e+00   0.0000000e+00   0.0000000e+00   1.1000000e+01   1.8987993e+00   4.9940671e+00   7.5000000e+01   1.5100000e+02   2.4800000e+02   3.0800000e+02   2.9600000e+02
   3.0000000e+00   1.0000000e+00   1.0014937e+02   2.6682055e-02  -1.6078449e-03   4.9890999e-06   2.1872264e+00   0.0000000e+00   2.9934599e-05   1.1000000e+01   2.1872264e+00   4.9553584e+00   7.5000000e+01   1.0500000e+02   9.1000000e+01   3.1900000e+02   1.0700000e+02
   3.0000000e+00   1.0000000e+00   1.8990699e+02  -1.7027639e+00   8.5814733e-03  -1.2722188e-05   2.1677676e+00   0.0000000e+00   0.0000000e+00   1.1000000e+01   2.1677676e+00   4.8234987e+00   7.5000000e+01   1.0500000e+02   9.1000000e+01   3.1900000e+02   1.0700000e+02
   3.0000000e+00   1.0000000e+00   1.4204824e+02  -8.9978169e-01   4.6569061e-03  -6.8360219e-06   2.1527281e+00   0.0000000e+00   0.0000000e+00   1.1000000e+01   2.1527281e+00   5.7350137e+00   7.5000000e+01   1.0500000e+02   9.1000000e+01   3.1900000e+02   1.0700000e+02
   3.0000000e+00   1.0000000e+00   1.0216960e+02  -1.9326182e-01   9.1293015e-04  -8.1387333e-07   2.1485791e+00   0.0000000e+00   0.0000000e+00   1.1000000e+01   2.1485791e+00   6.6107995e+00   7.5000000e+01   1.0500000e+02   9.1000000e+01   3.1900000e+02   1.0700000e+02
   3.0000000e+00   1.0000000e+00   9.5986965e+01  -8.5719640e-02   3.5771907e-04   6.0247802e-08   2.1485110e+00   0.0000000e+00   3.6148681e-07   1.1000000e+01   2.1485110e+00   6.5532962e+00   7.5000000e+01   1.0500000e+02   9.1000000e+01   3.1900000e+02   1.0700000e+02
   3.0000000e+00   2.0000000e+00   4.9742197e+02  -2.0341387e+00   1.1592676e-02  -3.9531663e-05   3.1437069e+00   0.0000000e+00   0.0000000e+00   1.1000000e+01   3.1437069e+00   5.3307196e+00   7.5000000e+01   1.4300000e+02   3.2800000e+02   2.6400000e+02   4.1000000e+01
   3.0000000e+00   2.0000000e+00   3.8406945e+02  -3.4923094e-01   3.6000009e-03  -2.7270931e-05   3.1474803e+00   0.0000000e+00   0.0000000e+00   1.1000000e+01   3.1474803e+00   4.5868009e+00   7.5000000e+01   1.4300000e+02   3.2800000e+02   2.6400000e+02   4.1000000e+01
   3.0000000e+00   2.0000000e+00   4.9992850e+02  -2.0804898e+00   1.1867448e-02  -4.0043649e-05   3.1438770e+00   0.0000000e+00   0.0000000e+00   1.1000000e+01   3.1438770e+00   5.4615975e+00   7.5000000e+01   1.4300000e+02   3.2800000e+02   2.6400000e+02   4.1000000e+01
   3.0000000e+00   2.0000000e+00   4.4148245e+02  -1.2159246e+00   7.7915508e-03  -3.3832986e-05   3.1458601e+00   0.0000000e+00   0.0000000e+00   1.1000000e+01   3.1458601e+00   5.3617451e+00   7.5000000e+01   1.4300000e+02   3.2800000e+02   2.6400000e+02   4.1000000e+01
   3.0000000e+00   2.0000000e+00   3.7806675e+02  -2.7503288e-01   3.3387560e-03  -2.7019724e-05   3.1481508e+00   0.0000000e+00   0.0000000e+00   1.1000000e+01   3.1481508e+00   5.4504286e+00   7.5000000e+01   1.4300000e+02   3.2800000e+02   2.6400000e+02   4.1000000e+01
   3.0000000e+00   3.0000000e+00   2.5384377e+02  -1.0560346e+00   6.8020720e-04  -1.1079895e-06   1.9461096e+00   0.0000000e+00   0.0000000e+00   1.1000000e+01   1.9461096e+00   5.0880609e+00   7.5000000e+01   1.2000000e+02   1.3500000e+02   2.6300000e+02   3.0000000e+00
   3.0000000e+00   3.0000000e+00   2.4772264e+02  -9.5472299e-01   1.5825502e-04  -2.5159266e-07   1.9460994e+00   0.0000000e+00   0.0000000e+00   1.1000000e+01   1.9460994e+00   5.4139902e+00   7.5000000e+01   1.2000000e+02   1.3500000e+02   2.6300000e+02   3.0000000e+00
   3.0000000e+00   3.0000000e+00   2.7116026e+02  -1.3313095e+00   2.0192687e-03  -3.1716364e-06   1.9462318e+00   0.0000000e+00   0.0000000e+00   1.1000000e+01   1.9462318e+00   5.0971214e+00   7.5000000e+01   1.2000000e+02   1.3500000e+02   2.6300000e+02   3.0000000e+00
   3.0000000e+00   3.0000000e+00   2.4727612e+02  -9.4779850e-01   1.2583380e-04  -2.0388232e-07   1.9460991e+00   0.0000000e+00   0.0000000e+00   1.1000000e+01   1.9460991e+00   5.8750400e+00   7.5000000e+01   1.2000000e+02   1.3500000e+02   2.6300000e+02   3.0000000e+00
   3.0000000e+00   3.0000000e+00   2.4584642e+02  -9.2299756e-01  -9.8853688e-06   3.2196342e-08   1.9460988e+00   0.0000000e+00   1.9317805e-07   1.1000000e+01   1.9460988e+00   4.9650639e+00   7.5000000e+01   1.2000000e+02   1.3500000e+02   2.6300000e+02   3.0000000e+00
   3.0000000e+00   4.0000000e+00   3.3560977e+02  -2.2278989e+00   3.6371443e-03   6.6881058e-06   4.7621557e+00   0.0000000e+00   4.0128635e-05   1.2000000e+01   4.7621557e+00   5.1148626e+00   7.5000000e+01   6.5000000e+01   2.0800000e+02   3.5900000e+02   3.1400000e+02
   3.0000000e+00   4.0000000e+00   3.3219653e+02  -2.1504120e+00   3.2098204e-03   7.3509650e-06   4.7584786e+00   0.0000000e+00   4.4105790e-05   1.1000000e+01   4.7584786e+00   5.9101349e+00   7.5000000e+01   6.5000000e+01   2.0800000e+02   3.5900000e+02   3.1400000e+02
   3.0000000e+00   4.0000000e+00  -1.5050550e+02   8.1013545e+00  -4.4386031e-02   7.0818181e-05   4.7339223e+00   0.0000000e+00   4.2490908e-04   1.1000000e+01   4.7339223e+00   5.2962478e+00   7.5000000e+01   6.5000000e+01   2.0800000e+02   3.5900000e+02   3.1400000e+02
   3.0000000e+00   4.0000000e+00   7.9323760e+01   2.3135630e+00  -5.2509527e-03   1.7475502e-06   3.6695974e+00   0.0000000e+00   1.0485301e-05   1.3000000e+01   3.6695974e+00   5.2111646e+00   7.5000000e+01   6.5000000e+01   2.0800000e+02   3.5900000e+02   3.1400000e+02
   3.0000000e+00   4.0000000e+00   1.4406758e+02   9.1939088e-01   1.4804672e-03  -7.5847427e-06   3.5423614e+00   0.0000000e+00   0.0000000e+00   1.1000000e+01   3.5423614e+00   5.8544835e+00   7.5000000e+01   6.5000000e+01   2.0800000e+02   3.5900000e+02   3.1400000e+02
   3.0000000e+00   5.0000000e+00  -2.2822109e+02   6.7539548e+00  -2.7536963e-02   2.9386116e-05   3.5491960e+00   0.0000000e+00   1.7631670e-04   1.1000000e+01   3.5491960e+00   5.0002662e+00   7.5000000e+01   1.1500000e+02   2.2900000e+02   3.3600000e+02   4.7000000e+01
   3.0000000e+00   5.0000000e+00  -3.0955586e+02   8.1505085e+00  -3.4861863e-02   4.0960312e-05   3.5547901e+00   0.0000000e+00   2.4576187e-04   1.1000000e+01   3.5547901e+00   4.9751820e+00   7.5000000e+01   1.1500000e+02   2.2900000e+02   3.3600000e+02   4.7000000e+01
   3.0000000e+00   5.0000000e+00  -2.2240313e+02   6.6539637e+00  -2.7011904e-02   2.8555760e-05   3.5492703e+00   0.0000000e+00   1.7133456e-04   1.1000000e+01   3.5492703e+00   6.7550747e+00   7.5000000e+01   1.1500000e+02   2.2900000e+02   3.3600000e+02   4.7000000e+01
   3.0000000e+00   5.0000000e+00  -2.5247966e+02   7.1705451e+00  -2.9722357e-02   3.2839740e-05   3.5497033e+00   0.0000000e+00   1.9703844e-04   1.1000000e+01   3.5497033e+00   6.2509606e+00   7.5000000e+01   1.1500000e+02   2.2900000e+02   3.3600000e+02   4.7000000e+01
   3.0000000e+00   5.0000000e+00  -1.8523521e+02   6.0152858e+00  -2.3658910e-02   2.3254006e-05   3.5509709e+00   0.0000000e+00   1.3952404e-04   1.2000000e+01   3.5509709e+00   6.6165983e+00   7.5000000e+01   1.1500000e+02   2.2900000e+02   3.3600000e+02   4.7000000e+01
