   1.0000000e+00  -9.1081823e+01   1.4090575e+01  -1.7801995e-01   8.4447817e-04  -1.4677904e-06   1.9076195e+00   0.0000000e+00   6.9872469e-04   1.1000000e+01   1.9083183e+00   6.6562176e+00   7.5000000e+01   1.2400000e+02   1.8200000e+02   2.0200000e+02   8.0000000e+00
   2.0000000e+00  -6.3838512e+00   9.0003941e+00  -9.8911786e-02   3.7518763e-04  -5.1661627e-07   1.9070002e+00   0.0000000e+00   7.1367575e-04   1.1000000e+01   1.9077139e+00   5.1983634e+00   7.5000000e+01   1.2400000e+02   1.8200000e+02   2.0200000e+02   8.0000000e+00
   3.0000000e+00  -7.7080778e+01   1.3426535e+01  -1.6809320e-01   7.8493569e-04  -1.3441501e-06   1.9073257e+00   0.0000000e+00   7.0942355e-04   1.1000000e+01   1.9080352e+00   5.1328781e+00   7.5000000e+01   1.2400000e+02   1.8200000e+02   2.0200000e+02   8.0000000e+00
   4.0000000e+00   6.2422477e+01   8.0743348e+00  -1.0041956e-01   4.3451774e-04  -7.0235104e-07   1.9069452e+00   0.0000000e+00   5.1690974e-04   1.1000000e+01   1.9074621e+00   6.2975492e+00   7.5000000e+01   1.2400000e+02   1.8200000e+02   2.0200000e+02   8.0000000e+00
   5.0000000e+00   6.3103079e+01   7.8276980e+00  -9.5567728e-02   4.0250929e-04  -6.3328502e-07   1.9068869e+00   0.0000000e+00   5.3039951e-04   1.1000000e+01   1.9074173e+00   5.6632577e+00   7.5000000e+01   1.2400000e+02   1.8200000e+02   2.0200000e+02   8.0000000e+00
   1.0000000e+00   2.3675606e+01  -5.8253726e+00   1.3181769e-01  -7.2528943e-04   1.2332918e-06   3.7245608e+00   0.0000000e+00   2.7816233e-03   1.2000000e+01   3.7273424e+00   5.1363781e+00   7.5000000e+01   6.9000000e+01   3.9000000e+01   2.4100000e+02   2.8400000e+02
   2.0000000e+00   6.2802824e+00  -6.8733748e+00   1.6714600e-01  -1.0089990e-03   1.8822778e-06   3.8553279e+00   0.0000000e+00   4.8331006e-03   1.5000000e+01   3.8601610e+00   5.9575702e+00   7.5000000e+01   6.9000000e+01   3.9000000e+01   2.4100000e+02   2.8400000e+02
   3.0000000e+00   6.8908134e+00  -5.7602654e+00   1.3853169e-01  -7.9805418e-04   1.4199475e-06   3.6524604e+00   0.0000000e+00   3.4246511e-03   1.1000000e+01   3.6558850e+00   5.3763525e+00   7.5000000e+01   6.9000000e+01   3.9000000e+01   2.4100000e+02   2.8400000e+02
   4.0000000e+00   3.7423892e+00  -6.9569043e+00   1.7077411e-01  -1.0418773e-03   1.9629557e-06   3.8941225e+00   0.0000000e+00   5.1024722e-03   1.1000000e+01   3.8992249e+00   5.1467853e+00   7.5000000e+01   6.9000000e+01   3.9000000e+01   2.4100000e+02   2.8400000e+02
   5.0000000e+00  -9.0810157e+01  -2.5381214e+00   1.0091858e-01  -6.0897192e-04   1.0817394e-06   3.6909337e+00   0.0000000e+00   2.6029492e-03   1.3000000e+01   3.6935366e+00   5.5231558e+00   7.5000000e+01   6.9000000e+01   3.9000000e+01   2.4100000e+02   2.8400000e+02
   1.0000000e+00   9.9998562e+01   9.2566354e-01   5.5737834e+00  -4.0129116e-02   7.1477259e-05   6.2291606e+02   1.0000000e+04   0.0000000e+00   1.9000000e+01   2.4232054e+03   6.8629013e+00   7.5000000e+01   5.0000000e+00   2.3900000e+02   3.0900000e+02   2.5300000e+02
   2.0000000e+00   9.9986776e+01   7.3854172e-01   5.6154578e+00  -4.0895061e-02   7.3525921e-05   6.3212272e+02   1.0000000e+04   0.0000000e+00   2.0000000e+01   2.4324226e+03   6.6267197e+00   7.5000000e+01   5.0000000e+00   2.3900000e+02   3.0900000e+02   2.5300000e+02
   3.0000000e+00   9.9989772e+01   5.1512123e-02   5.7481036e+00  -3.9944806e-02   6.9084711e-05   6.3603073e+02   1.0000000e+04   0.0000000e+00   1.7000000e+01   2.4363034e+03   6.4539610e+00   7.5000000e+01   5.0000000e+00   2.3900000e+02   3.0900000e+02   2.5300000e+02
   4.0000000e+00   9.9453957e+01   4.9037249e-02   5.7750027e+00  -4.0954029e-02   7.2069226e-05   6.4012900e+02   1.0000000e+04   0.0000000e+00   2.1000000e+01   2.4404177e+03   7.1420130e+00   7.5000000e+01   5.0000000e+00   2.3900000e+02   3.0900000e+02   2.5300000e+02
   5.0000000e+00   9.9990445e+01  -3.1853762e-01   5.8137189e+00  -3.8240313e-02   6.2893886e-05   6.7115929e+02   1.0000000e+04   0.0000000e+00   1.6000000e+01   2.4173963e+03   6.6696532e+00   7.5000000e+01   5.0000000e+00   2.3900000e+02   3.0900000e+02   2.5300000e+02
   1.0000000e+00  -3.4518897e+01   1.2422616e+01  -1.6236315e-01   8.6929327e-04  -1.6612977e-06   2.3033429e+00   0.0000000e+00   3.3019447e-03   1.1000000e+01   2.3066448e+00   5.9245895e+00   7.5000000e+01   4.8000000e+01   2.7500000e+02   2.2100000e+02   2.0100000e+02
   2.0000000e+00   5.4765616e+01   9.3920104e+00  -1.3296437e-01   7.5786342e-04  -1.5156762e-06   2.2125017e+00   0.0000000e+00   2.8011216e-03   1.3000000e+01   2.2153029e+00   6.1249369e+00   7.5000000e+01   4.8000000e+01   2.7500000e+02   2.2100000e+02   2.0100000e+02
   3.0000000e+00  -4.8040340e+01   1.3122672e+01  -1.7448430e-01   9.4833351e-04  -1.8299586e-06   2.3373765e+00   0.0000000e+00   3.5818887e-03   1.2000000e+01   2.3409584e+00   5.2833713e+00   7.5000000e+01   4.8000000e+01   2.7500000e+02   2.2100000e+02   2.0100000e+02
   4.0000000e+00  -2.0211401e+01   1.2261057e+01  -1.6770052e-01   9.2839925e-04  -1.8104951e-06   2.2902613e+00   0.0000000e+00   3.4847052e-03   1.5000000e+01   2.2937460e+00   7.8875173e+00   7.5000000e+01   4.8000000e+01   2.7500000e+02   2.2100000e+02   2.0100000e+02
   5.0000000e+00   9.0594910e+01   7.9615454e+00  -1.1461228e-01   6.6453867e-04  -1.3516382e-06   2.1885473e+00   0.0000000e+00   2.4301449e-03   1.6000000e+01   2.1909774e+00   5.9971705e+00   7.5000000e+01   4.8000000e+01   2.7500000e+02   2.2100000e+02   2.0100000e+02
   1.0000000e+00   1.3958901e+00   2.1184480e+01  -3.2689077e-01   1.6225583e-03  -2.5403992e-06   1.1381209e+01   1.0000000e+04   8.6378971e-03   1.5000000e+01   4.1938985e+02   6.9716511e+00   7.5000000e+01   1.8000000e+01   2.8600000e+02   3.0200000e+02   1.4500000e+02
   2.0000000e+00   2.6697058e+01   1.8619276e+01  -2.5393448e-01   1.1319261e-03  -1.6256230e-06   8.4847656e+00   1.0000000e+04   6.0892876e-03   1.3000000e+01   3.9249085e+02   5.8968499e+00   7.5000000e+01   1.8000000e+01   2.8600000e+02   3.0200000e+02   1.4500000e+02
   3.0000000e+00   1.2208444e+01   2.1809901e+01  -4.0254872e-01   2.0525934e-03  -3.1588166e-06   1.6942722e+01   1.0000000e+04   1.0950952e-02   1.1000000e+01   1.0789537e+03   5.5885010e+00   7.5000000e+01   1.8000000e+01   2.8600000e+02   3.0200000e+02   1.4500000e+02
   4.0000000e+00  -6.7640177e+01   2.5518146e+01  -3.5471637e-01   1.6278807e-03  -2.4019702e-06   1.1268933e+01   1.0000000e+04   8.7296330e-03   1.4000000e+01   4.6127766e+02   6.0608202e+00   7.5000000e+01   1.8000000e+01   2.8600000e+02   3.0200000e+02   1.4500000e+02
   5.0000000e+00   2.0174065e+01   1.1619743e+01   2.0779388e-01  -1.8913235e-03   3.5774580e-06   3.6442276e+01   1.0000000e+04   0.0000000e+00   1.1000000e+01   1.3924569e+03   5.3742539e+00   7.5000000e+01   1.8000000e+01   2.8600000e+02   3.0200000e+02   1.4500000e+02
   1.0000000e+00  -1.2869309e+00  -7.8748760e-01   1.0967652e-02  -3.9774907e-05   5.3450541e-08   9.5296942e-01   0.0000000e+00   2.6892844e-05   1.1000000e+01   9.5299632e-01   5.4914387e+00   7.5000000e+01   1.2300000e+02   6.0000000e+00   2.0700000e+02   5.1000000e+01
   2.0000000e+00  -3.9099388e+01   7.1817554e-01  -8.6660006e-03   6.4731751e-05  -1.4236506e-07   9.5359906e-01   0.0000000e+00   0.0000000e+00   1.1000000e+01   9.5359906e-01   4.9081044e+00   7.5000000e+01   1.2300000e+02   6.0000000e+00   2.0700000e+02   5.1000000e+01
   3.0000000e+00   8.7147498e+01  -2.9819062e+00   3.1280902e-02  -1.2311889e-04   1.8125159e-07   9.5304438e-01   0.0000000e+00   1.6174460e-04   1.1000000e+01   9.5320612e-01   5.2805533e+00   7.5000000e+01   1.2300000e+02   6.0000000e+00   2.0700000e+02   5.1000000e+01
   4.0000000e+00  -1.4222535e+01  -5.3479939e-01   9.1807250e-03  -3.4144009e-05   4.6507625e-08   9.5295376e-01   0.0000000e+00   2.6185826e-05   1.1000000e+01   9.5297995e-01   5.2329085e+00   7.5000000e+01   1.2300000e+02   6.0000000e+00   2.0700000e+02   5.1000000e+01
   5.0000000e+00   4.1575583e+01  -3.4525379e+00   5.1762272e-02  -2.7517604e-04   5.1571890e-07   9.5645875e-01   0.0000000e+00   9.1103529e-04   1.1000000e+01   9.5736979e-01   5.4111812e+00   7.5000000e+01   1.2300000e+02   6.0000000e+00   2.0700000e+02   5.1000000e+01
   1.0000000e+00   7.6737341e+01   8.9758593e+01  -1.3863804e+00   7.2979075e-03  -1.2902343e-05   2.6814906e+00   0.0000000e+00   0.0000000e+00   1.1000000e+01   2.6814906e+00   5.6037389e+00   7.5000000e+01   1.6700000e+02   3.5600000e+02   2.2800000e+02   1.0300000e+02
   2.0000000e+00  -4.1122116e+01   9.9265727e+01  -1.5083415e+00   7.8570258e-03  -1.3767004e-05   2.6749552e+00   0.0000000e+00   0.0000000e+00   1.1000000e+01   2.6749552e+00   5.4077623e+00   7.5000000e+01   1.6700000e+02   3.5600000e+02   2.2800000e+02   1.0300000e+02
   3.0000000e+00   6.9514058e+00   3.9350393e+01  -6.2482540e-01   3.5384588e-03  -6.7844911e-06   2.8235712e+00   0.0000000e+00   0.0000000e+00   1.3000000e+01   2.8235712e+00   5.2643998e+00   7.5000000e+01   1.6700000e+02   3.5600000e+02   2.2800000e+02   1.0300000e+02
   4.0000000e+00   4.9554242e+01   9.1364546e+01  -1.4042987e+00   7.3686738e-03  -1.2993469e-05   2.6767045e+00   0.0000000e+00   0.0000000e+00   1.1000000e+01   2.6767045e+00   5.9901856e+00   7.5000000e+01   1.6700000e+02   3.5600000e+02   2.2800000e+02   1.0300000e+02
   5.0000000e+00   7.2781894e+01   4.0369533e+01  -6.5058855e-01   3.6851874e-03  -7.0427869e-06   2.8133994e+00   0.0000000e+00   0.0000000e+00   1.2000000e+01   2.8133994e+00   5.2405468e+00   7.5000000e+01   1.6700000e+02   3.5600000e+02   2.2800000e+02   1.0300000e+02
   1.0000000e+00  -9.5422747e+00   7.2367866e+00  -7.5977970e-02   2.8266582e-04  -3.5912309e-07   1.8664160e+00   0.0000000e+00   5.8414984e-04   1.1000000e+01   1.8670001e+00   5.1252607e+00   7.5000000e+01   1.2900000e+02   1.6700000e+02   2.7300000e+02   6.0000000e+01
   2.0000000e+00   4.3925917e+01   5.1072212e+00  -5.4671967e-02   2.1160758e-04  -2.8967245e-07   1.8013270e+00   0.0000000e+00   3.7281960e-04   1.1000000e+01   1.8016998e+00   5.8924792e+00   7.5000000e+01   1.2900000e+02   1.6700000e+02   2.7300000e+02   6.0000000e+01
   3.0000000e+00  -9.5672811e+01   9.1302380e+00  -9.5377635e-02   3.8343204e-04  -5.4548772e-07   1.8223224e+00   0.0000000e+00   6.1176230e-04   1.1000000e+01   1.8229342e+00   5.1284210e+00   7.5000000e+01   1.2900000e+02   1.6700000e+02   2.7300000e+02   6.0000000e+01
   4.0000000e+00  -5.5780410e+01   6.9650784e+00  -6.6298363e-02   2.3866129e-04  -3.0613295e-07   1.8020407e+00   0.0000000e+00   4.8418013e-04   1.1000000e+01   1.8025249e+00   4.8590084e+00   7.5000000e+01   1.2900000e+02   1.6700000e+02   2.7300000e+02   6.0000000e+01
   5.0000000e+00  -2.4341360e+01   7.7669254e+00  -8.6568004e-02   3.6194449e-04  -5.3081966e-07   1.8295920e+00   0.0000000e+00   5.2824925e-04   1.1000000e+01   1.8301203e+00   5.4682022e+00   7.5000000e+01   1.2900000e+02   1.6700000e+02   2.7300000e+02   6.0000000e+01
   1.0000000e+00  -4.0418638e+00   9.1062809e+00  -8.0280812e-02   2.6993554e-04  -3.2284599e-07   4.7618468e+00   0.0000000e+00   1.2167014e-03   1.3000000e+01   4.7630635e+00   1.0323726e+01   1.0000000e+02   5.2000000e+01   2.8800000e+02   3.5700000e+02   5.3000000e+01
   2.0000000e+00   6.6107357e+01   6.8449538e+00  -5.8880550e-02   1.9059783e-04  -2.2314228e-07   4.5457329e+00   0.0000000e+00   8.6510543e-04   1.1000000e+01   4.5465980e+00   9.9860379e+00   1.0000000e+02   5.2000000e+01   2.8800000e+02   3.5700000e+02   5.3000000e+01
   3.0000000e+00  -5.2846857e+01   1.5038522e+01  -2.0902082e-01   9.5243747e-04  -1.3518628e-06   1.1095331e+01   1.0000000e+04   4.0275001e-03   1.3000000e+01   6.7709936e+02   1.0412321e+01   1.0000000e+02   5.2000000e+01   2.8800000e+02   3.5700000e+02   5.3000000e+01
   4.0000000e+00   8.3110294e+01   6.2291998e+00  -5.1904927e-02   1.6115470e-04  -1.8291467e-07   4.5224968e+00   0.0000000e+00   7.3865067e-04   1.2000000e+01   4.5232355e+00   1.1211415e+01   1.0000000e+02   5.2000000e+01   2.8800000e+02   3.5700000e+02   5.3000000e+01
   5.0000000e+00  -1.6863716e+01   1.1124558e+01  -1.2356382e-01   4.5926953e-04  -5.5715195e-07   5.1892288e+00   0.0000000e+00   2.0602916e-03   1.2000000e+01   5.1912891e+00   9.6362118e+00   1.0000000e+02   5.2000000e+01   2.8800000e+02   3.5700000e+02   5.3000000e+01
   1.0000000e+00   3.7017302e+01   1.2792454e+01  -2.8741938e-01   2.0633907e-03  -4.5290085e-06   9.3159474e+00   1.6000000e+01   1.1510775e-02   1.5000000e+01   1.9332746e+02   1.0388335e+01   1.0000000e+02   8.0000000e+00   1.2200000e+02   2.4000000e+02   5.0000000e+01
   2.0000000e+00   9.9575946e+01   3.2242412e+00  -5.4952424e-02   2.9132792e-04  -5.0800885e-07   2.8652348e+00   0.0000000e+00   1.6504298e-03   1.1000000e+01   2.8668853e+00   1.0036163e+01   1.0000000e+02   8.0000000e+00   1.2200000e+02   2.4000000e+02   5.0000000e+01
   3.0000000e+00   9.9630280e+01   3.2184163e+00  -5.5144627e-02   3.0052263e-04  -5.4257826e-07   2.8549567e+00   0.0000000e+00   1.6989607e-03   1.3000000e+01   2.8566557e+00   1.0125351e+01   1.0000000e+02   8.0000000e+00   1.2200000e+02   2.4000000e+02   5.0000000e+01
   4.0000000e+00   9.9996284e+01   3.1044328e+00  -4.6022282e-02   2.2505671e-04  -3.7837599e-07   2.8935419e+00   0.0000000e+00   1.2776921e-03   1.1000000e+01   2.8948196e+00   1.0060049e+01   1.0000000e+02   8.0000000e+00   1.2200000e+02   2.4000000e+02   5.0000000e+01
   5.0000000e+00   9.9392319e+01  -3.3764086e+00   8.2920342e-01  -6.8535344e-03   1.4389856e-05   5.4130575e+01   1.0000000e+04   0.0000000e+00   1.1000000e+01   1.2381723e+03   9.9553972e+00   1.0000000e+02   8.0000000e+00   1.2200000e+02   2.4000000e+02   5.0000000e+01
   1.0000000e+00   4.3282991e+01   8.1752442e+00  -1.0207163e-01   4.1820151e-04  -5.3394019e-07   3.4924802e+00   0.0000000e+00   1.0867924e-03   1.1000000e+01   3.4935670e+00   9.5900617e+00   1.0000000e+02   1.1100000e+02   1.8400000e+02   2.9600000e+02   2.6700000e+02
   2.0000000e+00   9.3506616e+01   5.8067475e+00  -7.1184090e-02   2.6934297e-04  -2.9878861e-07   3.5251078e+00   0.0000000e+00   8.2008496e-04   1.1000000e+01   3.5259279e+00   1.0038235e+01   1.0000000e+02   1.1100000e+02   1.8400000e+02   2.9600000e+02   2.6700000e+02
   3.0000000e+00  -7.4096404e+01   1.0421124e+01  -1.1674767e-01   4.5833739e-04  -5.7333840e-07   3.4336520e+00   0.0000000e+00   1.2226508e-03   1.1000000e+01   3.4348747e+00   9.8421088e+00   1.0000000e+02   1.1100000e+02   1.8400000e+02   2.9600000e+02   2.6700000e+02
   4.0000000e+00   1.7888940e+00   7.9924641e+00  -9.0005610e-02   3.3880332e-04  -3.9096476e-07   3.5067114e+00   0.0000000e+00   9.9128978e-04   1.2000000e+01   3.5077027e+00   9.4350945e+00   1.0000000e+02   1.1100000e+02   1.8400000e+02   2.9600000e+02   2.6700000e+02
   5.0000000e+00  -3.3019969e+01  -6.8277877e+00   1.4946794e-01  -7.6466881e-04   1.1797518e-06   3.9286814e+00   0.0000000e+00   3.7929439e-03   1.1000000e+01   3.9324743e+00   9.8433907e+00   1.0000000e+02   1.1100000e+02   1.8400000e+02   2.9600000e+02   2.6700000e+02
   1.0000000e+00   2.1108225e+01  -9.9013763e+01   4.4358044e+00  -3.9419617e-02   9.8688080e-05   1.2626038e+01   1.0000000e+04   1.7086669e-01   1.1000000e+01   1.6286559e+02   9.8504831e+00   1.0000000e+02   1.7200000e+02   8.0000000e+00   2.0100000e+02   3.0200000e+02
   2.0000000e+00   5.7333941e+01   8.6116959e+00   2.7941098e+00  -3.1145106e-02   8.4880774e-05   1.3064844e+01   1.0000000e+04   1.6351720e-01   1.1000000e+01   1.6328744e+02   9.4365367e+00   1.0000000e+02   1.7200000e+02   8.0000000e+00   2.0100000e+02   3.0200000e+02
   3.0000000e+00   3.4244780e+00  -9.6106347e+01   4.3999572e+00  -3.9276025e-02   9.8513782e-05   1.2659927e+01   1.0000000e+04   1.7100874e-01   1.1000000e+01   1.6289950e+02   9.6960478e+00   1.0000000e+02   1.7200000e+02   8.0000000e+00   2.0100000e+02   3.0200000e+02
   4.0000000e+00   8.4463316e+01  -9.6280557e+01   4.3818051e+00  -3.9116138e-02   9.8139421e-05   1.2631216e+01   1.0000000e+04   1.7042270e-01   1.1000000e+01   1.6286994e+02   9.4289479e+00   1.0000000e+02   1.7200000e+02   8.0000000e+00   2.0100000e+02   3.0200000e+02
   5.0000000e+00   1.0488534e-01   3.9484922e+00   2.8107307e+00  -3.0880344e-02   8.3761456e-05   1.2776376e+01   1.0000000e+04   1.6048523e-01   1.1000000e+01   1.6299516e+02   1.1327215e+01   1.0000000e+02   1.7200000e+02   8.0000000e+00   2.0100000e+02   3.0200000e+02
   1.0000000e+00  -1.4519196e+01   1.2089659e+01  -1.4384350e-01   6.6551949e-04  -1.0619502e-06   2.2903244e+00   0.0000000e+00   2.3109878e-03   1.1000000e+01   2.2926354e+00   1.0732073e+01   1.0000000e+02   6.6000000e+01   3.2800000e+02   2.5700000e+02   2.5600000e+02
   2.0000000e+00  -1.1727985e+01   1.3151219e+01  -1.7235712e-01   8.7312787e-04  -1.5012388e-06   2.7244982e+00   0.0000000e+00   2.8608049e-03   1.1000000e+01   2.7273590e+00   2.2591652e+01   1.0000000e+02   6.6000000e+01   3.2800000e+02   2.5700000e+02   2.5600000e+02
   3.0000000e+00   2.2116509e+01   1.0890158e+01  -1.3249475e-01   6.4293762e-04  -1.0836396e-06   2.3685338e+00   0.0000000e+00   2.1411407e-03   1.1000000e+01   2.3706749e+00   1.1104255e+01   1.0000000e+02   6.6000000e+01   3.2800000e+02   2.5700000e+02   2.5600000e+02
   4.0000000e+00   7.7419863e+00   1.1698070e+01  -1.4435385e-01   6.9041503e-04  -1.1331269e-06   2.3567654e+00   0.0000000e+00   2.3476172e-03   1.1000000e+01   2.3591130e+00   9.2518751e+00   1.0000000e+02   6.6000000e+01   3.2800000e+02   2.5700000e+02   2.5600000e+02
   5.0000000e+00   4.6692635e-01   1.1520907e+01  -1.3659393e-01   6.3034511e-04  -1.0047745e-06   2.2614280e+00   0.0000000e+00   2.1905078e-03   1.1000000e+01   2.2636185e+00   1.1167747e+01   1.0000000e+02   6.6000000e+01   3.2800000e+02   2.5700000e+02   2.5600000e+02
   1.0000000e+00   8.2151308e+01   1.0539708e+01  -1.5552962e-01   7.5741103e-04  -1.1906880e-06   4.6495376e+00   0.0000000e+00   4.0586655e-03   1.6000000e+01   4.6535963e+00   1.1045189e+01   1.0000000e+02   1.7000000e+01   2.2000000e+02   2.6300000e+02   1.7800000e+02
   2.0000000e+00   7.5157076e+00   1.6194199e+01  -2.3609172e-01   1.1314958e-03  -1.7435819e-06   6.6424721e+00   2.0000000e+01   6.0775932e-03   1.6000000e+01   1.5664855e+02   1.0471374e+01   1.0000000e+02   1.7000000e+01   2.2000000e+02   2.6300000e+02   1.7800000e+02
   3.0000000e+00   4.3002885e+01   1.3708470e+01  -2.1163520e-01   1.0707902e-03  -1.7371131e-06   5.7249261e+00   2.3000000e+01   5.7159990e-03   1.6000000e+01   9.3730642e+01   1.0060156e+01   1.0000000e+02   1.7000000e+01   2.2000000e+02   2.6300000e+02   1.7800000e+02
   4.0000000e+00   4.0066294e+01   1.4004676e+01  -2.1990493e-01   1.1322332e-03  -1.8668472e-06   5.8336469e+00   2.5000000e+01   6.0317253e-03   1.7000000e+01   9.9839679e+01   1.0676975e+01   1.0000000e+02   1.7000000e+01   2.2000000e+02   2.6300000e+02   1.7800000e+02
   5.0000000e+00   3.4856181e+01   1.4152270e+01  -2.0832662e-01   9.9502255e-04  -1.5195498e-06   6.2464157e+00   3.1000000e+01   5.3501590e-03   1.4000000e+01   1.4425177e+02   1.1295723e+01   1.0000000e+02   1.7000000e+01   2.2000000e+02   2.6300000e+02   1.7800000e+02
   1.0000000e+00   3.8324071e+01  -9.8109043e-01   9.4370057e-03  -3.6261744e-05   4.9418027e-08   1.9019622e+00   0.0000000e+00   9.7914218e-05   1.1000000e+01   1.9020601e+00   9.2273237e+00   1.0000000e+02   7.6000000e+01   4.0000000e+00   2.6600000e+02   1.0000000e+01
   2.0000000e+00  -5.6704674e+01   4.3806742e+00  -8.8772363e-02   6.5693944e-04  -1.4345000e-06   5.4119757e+00   3.0000000e+01   1.3251085e-03   1.6000000e+01   1.8541330e+02   1.0660310e+01   1.0000000e+02   7.6000000e+01   4.0000000e+00   2.6600000e+02   1.0000000e+01
   3.0000000e+00   8.7043586e+01  -2.8337959e+00   2.7419665e-02  -5.6233306e-05  -4.0944948e-08   2.8068067e+00   0.0000000e+00   0.0000000e+00   1.5000000e+01   2.8068067e+00   1.0602367e+01   1.0000000e+02   7.6000000e+01   4.0000000e+00   2.6600000e+02   1.0000000e+01
   4.0000000e+00  -8.6831785e-01   7.5686685e-02  -9.2359672e-05  -1.0595062e-06   3.4379373e-09   1.9010535e+00   0.0000000e+00   1.5590754e-05   1.1000000e+01   1.9010691e+00   9.5286700e+00   1.0000000e+02   7.6000000e+01   4.0000000e+00   2.6600000e+02   1.0000000e+01
   5.0000000e+00  -8.2903618e+01   2.2705960e+00  -1.9748852e-02   7.1763184e-05  -9.2758439e-08   1.9078385e+00   0.0000000e+00   2.6138771e-04   1.1000000e+01   1.9080999e+00   9.2533483e+00   1.0000000e+02   7.6000000e+01   4.0000000e+00   2.6600000e+02   1.0000000e+01
   1.0000000e+00   1.5071743e+01   9.7666728e+00  -1.0427484e-01   4.5766912e-04  -7.5201806e-07   3.1488676e+00   0.0000000e+00   1.7894478e-03   1.3000000e+01   3.1506570e+00   7.2691697e+00   7.5000000e+01   5.3000000e+01   3.0200000e+02   2.5300000e+02   1.4200000e+02
   2.0000000e+00  -1.9551990e+01   1.0932584e+01  -1.1692537e-01   5.1976240e-04  -8.6335389e-07   3.2629794e+00   0.0000000e+00   2.0203882e-03   1.3000000e+01   3.2649998e+00   6.0363618e+00   7.5000000e+01   5.3000000e+01   3.0200000e+02   2.5300000e+02   1.4200000e+02
   3.0000000e+00   9.4434306e+01   7.8818565e+00  -9.8552694e-02   4.9504765e-04  -8.9213759e-07   2.9409100e+00   0.0000000e+00   1.8354869e-03   1.3000000e+01   2.9427455e+00   6.7362887e+00   7.5000000e+01   5.3000000e+01   3.0200000e+02   2.5300000e+02   1.4200000e+02
   4.0000000e+00  -7.2197076e+01   1.3836896e+01  -1.6693956e-01   8.1167352e-04  -1.4022835e-06   3.1484499e+00   0.0000000e+00   3.0863364e-03   1.1000000e+01   3.1515363e+00   6.9381674e+00   7.5000000e+01   5.3000000e+01   3.0200000e+02   2.5300000e+02   1.4200000e+02
   5.0000000e+00   8.6956272e+01   7.5456164e+00  -8.4470994e-02   3.8714414e-04  -6.6304904e-07   2.9868089e+00   0.0000000e+00   1.4794664e-03   1.1000000e+01   2.9882884e+00   5.9176283e+00   7.5000000e+01   5.3000000e+01   3.0200000e+02   2.5300000e+02   1.4200000e+02
   1.0000000e+00  -1.0892609e+01   6.8298371e+00  -4.9887070e-02   1.4446695e-04  -1.6680240e-07   4.1065924e+00   0.0000000e+00   5.3453129e-04   1.1000000e+01   4.1071269e+00   1.0318060e+01   7.5000000e+01   8.3000000e+01   2.8700000e+02   3.3200000e+02   1.8000000e+01
   2.0000000e+00   7.0259503e+01   8.7932211e+00  -1.0387091e-01   3.9491341e-04  -4.9172658e-07   4.1720673e+00   0.0000000e+00   1.3899611e-03   1.2000000e+01   4.1734572e+00   5.4816369e+00   7.5000000e+01   8.3000000e+01   2.8700000e+02   3.3200000e+02   1.8000000e+01
   3.0000000e+00   2.2346037e+01   7.4758915e+00  -7.3306445e-02   2.9687591e-04  -4.3378512e-07   4.2774122e+00   0.0000000e+00   9.1715550e-04   1.1000000e+01   4.2783293e+00   5.0972000e+00   7.5000000e+01   8.3000000e+01   2.8700000e+02   3.3200000e+02   1.8000000e+01
   4.0000000e+00   6.4603228e+01   4.5984390e+00  -2.7921211e-02   6.3425423e-05  -6.7222694e-08   4.2255997e+00   0.0000000e+00   2.4664493e-04   1.1000000e+01   4.2258463e+00   5.1712704e+00   7.5000000e+01   8.3000000e+01   2.8700000e+02   3.3200000e+02   1.8000000e+01
   5.0000000e+00  -2.1721288e+01   6.8055456e+00  -4.6534607e-02   1.2375853e-04  -1.3328755e-07   4.1884107e+00   0.0000000e+00   4.7704237e-04   1.2000000e+01   4.1888877e+00   5.8216925e+00   7.5000000e+01   8.3000000e+01   2.8700000e+02   3.3200000e+02   1.8000000e+01
   1.0000000e+00   1.6337323e+01   6.0461033e+00  -4.1597846e-02   1.0640979e-04  -1.0452112e-07   4.2690753e+00   0.0000000e+00   4.3777818e-04   1.2000000e+01   4.2695131e+00   5.9484179e+00   7.5000000e+01   8.0000000e+01   2.8400000e+02   3.5700000e+02   1.7000000e+01
   2.0000000e+00   2.9970890e+01   5.4854206e+00  -3.4279686e-02   7.1839498e-05  -5.3622326e-08   4.2971371e+00   0.0000000e+00   3.2808212e-04   1.3000000e+01   4.2974652e+00   5.6278405e+00   7.5000000e+01   8.0000000e+01   2.8400000e+02   3.5700000e+02   1.7000000e+01
   3.0000000e+00   6.0143078e+01   3.8904988e+00  -1.3434994e-02  -5.3003633e-06   3.2098763e-08   4.8689755e+00   0.0000000e+00   2.4322002e-04   1.1000000e+01   4.8692187e+00   5.4533511e+00   7.5000000e+01   8.0000000e+01   2.8400000e+02   3.5700000e+02   1.7000000e+01
   4.0000000e+00   4.0210540e+01   9.0100213e+00  -1.0144334e-01   3.7202410e-04  -4.4558637e-07   4.5552473e+00   0.0000000e+00   1.3766188e-03   1.4000000e+01   4.5566239e+00   5.7449277e+00   7.5000000e+01   8.0000000e+01   2.8400000e+02   3.5700000e+02   1.7000000e+01
   5.0000000e+00  -5.6767845e+00   7.5491510e+00  -6.6459742e-02   2.4282669e-04  -3.2324726e-07   4.5404963e+00   0.0000000e+00   8.3632542e-04   1.5000000e+01   4.5413326e+00   6.6081976e+00   7.5000000e+01   8.0000000e+01   2.8400000e+02   3.5700000e+02   1.7000000e+01
   1.0000000e+00  -3.1984850e+00   3.7457715e+00  -3.4461476e-02   1.0641541e-04  -1.0552844e-07   3.0584860e+00   0.0000000e+00   4.3841056e-04   1.1000000e+01   3.0589244e+00   5.2129294e+00   7.5000000e+01   7.9000000e+01   1.2600000e+02   3.4800000e+02   6.4000000e+01
   2.0000000e+00   2.4345381e+01   3.0742654e+00  -3.0303330e-02   1.0731812e-04  -1.2840227e-07   2.8144720e+00   0.0000000e+00   4.0045801e-04   1.3000000e+01   2.8148725e+00   5.2114704e+00   7.5000000e+01   7.9000000e+01   1.2600000e+02   3.4800000e+02   6.4000000e+01
   3.0000000e+00  -6.5962544e+01   5.8592161e+00  -5.9824054e-02   2.3162518e-04  -3.0176697e-07   3.1283014e+00   0.0000000e+00   8.1760089e-04   1.3000000e+01   3.1291190e+00   6.2350362e+00   7.5000000e+01   7.9000000e+01   1.2600000e+02   3.4800000e+02   6.4000000e+01
   4.0000000e+00   9.8570321e+01   1.1514852e+00  -1.3890556e-02   5.2062837e-05  -6.4586109e-08   2.7793988e+00   0.0000000e+00   1.8992176e-04   1.3000000e+01   2.7795887e+00   6.9508467e+00   7.5000000e+01   7.9000000e+01   1.2600000e+02   3.4800000e+02   6.4000000e+01
   5.0000000e+00  -2.3066592e+01   6.2094013e+00  -7.9958611e-02   3.6035579e-04  -5.1665816e-07   4.4106802e+00   0.0000000e+00   1.1825509e-03   1.4000000e+01   4.4118628e+00   6.9910632e+00   7.5000000e+01   7.9000000e+01   1.2600000e+02   3.4800000e+02   6.4000000e+01
   1.0000000e+00  -6.8553552e+01   1.2882833e+01  -1.2440737e-01   4.7541743e-04  -6.7302340e-07   1.5485501e+00   0.0000000e+00   7.5267160e-04   1.1000000e+01   1.5493027e+00   5.0670437e+00   7.5000000e+01   1.3000000e+02   3.5600000e+02   2.2000000e+02   2.3000000e+02
   2.0000000e+00   6.6702575e+01   9.9387509e+00  -1.0170985e-01   4.0348283e-04  -5.9625214e-07   1.5487440e+00   0.0000000e+00   5.6059030e-04   1.1000000e+01   1.5493046e+00   7.2808495e+00   7.5000000e+01   1.3000000e+02   3.5600000e+02   2.2000000e+02   2.3000000e+02
   3.0000000e+00   4.1011542e+01   1.1040072e+01  -1.1225938e-01   4.3125583e-04  -5.9699016e-07   1.5507751e+00   0.0000000e+00   7.2492567e-04   1.1000000e+01   1.5515001e+00   6.9800627e+00   7.5000000e+01   1.3000000e+02   3.5600000e+02   2.2000000e+02   2.3000000e+02
   4.0000000e+00   7.8015931e+01   9.4575112e+00  -9.4839859e-02   3.6360196e-04  -5.1655149e-07   1.5484952e+00   0.0000000e+00   5.6997108e-04   1.1000000e+01   1.5490652e+00   5.6552493e+00   7.5000000e+01   1.3000000e+02   3.5600000e+02   2.2000000e+02   2.3000000e+02
   5.0000000e+00   9.3896886e+01   1.0759247e+01  -1.1904100e-01   4.9481816e-04  -7.4199610e-07   1.5503142e+00   0.0000000e+00   6.5388112e-04   1.1000000e+01   1.5509681e+00   5.8677501e+00   7.5000000e+01   1.3000000e+02   3.5600000e+02   2.2000000e+02   2.3000000e+02
   1.0000000e+00   9.8497874e+01  -8.2985712e-01   3.7772989e-02  -2.3027951e-04   4.8906297e-07   2.1752059e+00   0.0000000e+00   7.5454999e-04   1.1000000e+01   2.1759604e+00   5.1178976e+00   7.5000000e+01   7.1000000e+01   1.6000000e+02   1.8200000e+02   3.4700000e+02
   2.0000000e+00   9.1759351e-01   4.1128667e+00  -4.4572258e-02   3.0640647e-04  -7.0473984e-07   2.1771217e+00   0.0000000e+00   6.3756214e-04   1.1000000e+01   2.1777592e+00   4.8874656e+00   7.5000000e+01   7.1000000e+01   1.6000000e+02   1.8200000e+02   3.4700000e+02
   3.0000000e+00   1.5486542e+01   2.4274415e+00  -6.8415078e-03   1.8135458e-05   6.3856818e-09   2.1750084e+00   0.0000000e+00   1.3670540e-04   1.1000000e+01   2.1751451e+00   5.2435056e+00   7.5000000e+01   7.1000000e+01   1.6000000e+02   1.8200000e+02   3.4700000e+02
   4.0000000e+00   9.8455956e+01  -1.7915562e-01   2.0443551e-02  -8.9880942e-05   1.3291254e-07   2.1749853e+00   0.0000000e+00   4.1276338e-05   1.1000000e+01   2.1750265e+00   5.3497607e+00   7.5000000e+01   7.1000000e+01   1.6000000e+02   1.8200000e+02   3.4700000e+02
   5.0000000e+00  -5.3053717e+01   4.7235563e+00  -3.4934349e-02   1.7238863e-04  -3.1145183e-07   2.1749078e+00   0.0000000e+00   5.0361789e-04   1.1000000e+01   2.1754114e+00   6.7587911e+00   7.5000000e+01   7.1000000e+01   1.6000000e+02   1.8200000e+02   3.4700000e+02
   1.0000000e+00  -7.0801965e+01   6.4937570e+00  -6.2225675e-02   2.2306216e-04  -2.6617341e-07   2.5196448e+00   0.0000000e+00   4.5680662e-04   1.1000000e+01   2.5201016e+00   5.5312990e+00   7.5000000e+01   1.3800000e+02   1.3000000e+02   3.6000000e+02   1.3900000e+02
   2.0000000e+00  -8.7739120e+01   6.3056589e+00  -5.6743462e-02   1.9344741e-04  -2.2117125e-07   2.4306655e+00   0.0000000e+00   4.2816526e-04   1.4000000e+01   2.4310936e+00   5.5624632e+00   7.5000000e+01   1.3800000e+02   1.3000000e+02   3.6000000e+02   1.3900000e+02
   3.0000000e+00  -5.7772311e+00   2.6556080e+00  -1.8327369e-02   5.2176235e-05  -5.1818336e-08   2.2305426e+00   0.0000000e+00   1.4143508e-04   1.1000000e+01   2.2306840e+00   5.3688216e+00   7.5000000e+01   1.3800000e+02   1.3000000e+02   3.6000000e+02   1.3900000e+02
   4.0000000e+00  -2.6717208e+01   4.2505065e+00  -3.6716811e-02   1.2099879e-04  -1.3403576e-07   2.3143179e+00   0.0000000e+00   2.8206632e-04   1.2000000e+01   2.3145999e+00   5.2259866e+00   7.5000000e+01   1.3800000e+02   1.3000000e+02   3.6000000e+02   1.3900000e+02
   5.0000000e+00  -4.4290872e+01   3.7312430e+00  -2.8672782e-02   9.2699028e-05  -1.0531752e-07   2.2501346e+00   0.0000000e+00   2.0738254e-04   1.4000000e+01   2.2503420e+00   5.4150215e+00   7.5000000e+01   1.3800000e+02   1.3000000e+02   3.6000000e+02   1.3900000e+02
   1.0000000e+00  -3.5391217e-01   1.7293314e+01  -2.1836251e-01   9.1221122e-04  -1.2414415e-06   4.9406298e+00   0.0000000e+00   2.6129861e-03   1.1000000e+01   4.9432428e+00   5.1759484e+00   7.5000000e+01   9.6000000e+01   3.4900000e+02   3.0700000e+02   9.5000000e+01
   2.0000000e+00   7.7008608e+01   1.5046436e+01  -1.9559121e-01   8.1870729e-04  -1.1095314e-06   4.8106567e+00   0.0000000e+00   2.3558834e-03   1.3000000e+01   4.8130126e+00   6.8283202e+00   7.5000000e+01   9.6000000e+01   3.4900000e+02   3.0700000e+02   9.5000000e+01
   3.0000000e+00   4.7742724e+01   8.1065575e+00  -7.1507153e-02   2.3178297e-04  -2.7113853e-07   3.3283131e+00   0.0000000e+00   7.6599466e-04   1.4000000e+01   3.3290791e+00   5.5069429e+00   7.5000000e+01   9.6000000e+01   3.4900000e+02   3.0700000e+02   9.5000000e+01
   4.0000000e+00   7.2691102e+01   1.5749470e+01  -2.0885947e-01   8.9957207e-04  -1.2559672e-06   4.8734080e+00   0.0000000e+00   2.5036839e-03   1.1000000e+01   4.8759116e+00   5.9773079e+00   7.5000000e+01   9.6000000e+01   3.4900000e+02   3.0700000e+02   9.5000000e+01
   5.0000000e+00  -4.4287178e+01   1.0912233e+01  -1.0096324e-01   3.5506236e-04  -4.4677154e-07   3.3358456e+00   0.0000000e+00   1.1010125e-03   1.2000000e+01   3.3369466e+00   7.6152071e+00   7.5000000e+01   9.6000000e+01   3.4900000e+02   3.0700000e+02   9.5000000e+01
   1.0000000e+00   4.3634336e+01  -2.8016315e+00   3.7668000e-02  -1.6435306e-04   2.4617703e-07   2.6898539e+00   0.0000000e+00   8.2771397e-04   1.3000000e+01   2.6906816e+00   6.2713677e+00   7.5000000e+01   1.0200000e+02   2.0000000e+00   3.0700000e+02   1.6500000e+02
   2.0000000e+00  -8.2882833e+01   1.3009070e+00  -7.9377006e-03   3.8813126e-05  -5.9261389e-08   2.6243918e+00   0.0000000e+00   8.7806875e-05   1.1000000e+01   2.6244796e+00   5.7512758e+00   7.5000000e+01   1.0200000e+02   2.0000000e+00   3.0700000e+02   1.6500000e+02
   3.0000000e+00   2.4710386e+01  -1.6668210e+00   2.0431699e-02  -7.0200352e-05   8.5281473e-08   2.6207533e+00   0.0000000e+00   2.0715178e-04   1.1000000e+01   2.6209605e+00   5.7714025e+00   7.5000000e+01   1.0200000e+02   2.0000000e+00   3.0700000e+02   1.6500000e+02
   4.0000000e+00  -7.1449188e+01   7.4488122e-01  -2.9659110e-04   1.7176635e-07   3.4621795e-09   2.6228897e+00   0.0000000e+00   2.6539937e-05   1.1000000e+01   2.6229163e+00   6.7355818e+00   7.5000000e+01   1.0200000e+02   2.0000000e+00   3.0700000e+02   1.6500000e+02
   5.0000000e+00  -7.4284458e+01   7.9084518e-01  -1.2188872e-03   9.7970020e-06  -1.9374012e-08   2.6215152e+00   0.0000000e+00   1.1354431e-05   1.1000000e+01   2.6215265e+00   6.1359101e+00   7.5000000e+01   1.0200000e+02   2.0000000e+00   3.0700000e+02   1.6500000e+02
   1.0000000e+00  -5.0849303e+01  -1.3389570e+01   2.4976773e-01  -1.3786016e-03   2.3935860e-06   5.2748903e+00   6.0000000e+00   8.2728566e-03   1.1000000e+01   1.7328316e+02   5.2503630e+00   7.5000000e+01   1.3700000e+02   1.0100000e+02   2.8800000e+02   3.4500000e+02
   2.0000000e+00   2.4650667e+01  -1.7421161e+01   2.5050823e-01  -1.0741259e-03   1.4852481e-06   3.5672485e+00   1.1000000e+01   3.8212789e-03   1.1000000e+01   1.2557107e+02   5.3366753e+00   7.5000000e+01   1.3700000e+02   1.0100000e+02   2.8800000e+02   3.4500000e+02
   3.0000000e+00   1.4263096e+00  -1.4992722e+01   2.2066408e-01  -9.5652718e-04   1.3384458e-06   3.3204456e+00   1.4000000e+01   3.5121739e-03   1.2000000e+01   1.3932396e+02   6.3609807e+00   7.5000000e+01   1.3700000e+02   1.0100000e+02   2.8800000e+02   3.4500000e+02
   4.0000000e+00  -7.5858064e+00   2.3907840e+01  -3.4746580e-01   1.6419049e-03  -2.4614832e-06   4.6199760e+00   1.6000000e+01   1.7580728e-03   1.1000000e+01   1.5662173e+02   5.1801084e+00   7.5000000e+01   1.3700000e+02   1.0100000e+02   2.8800000e+02   3.4500000e+02
   5.0000000e+00  -2.3199137e+01  -7.1193533e+00   1.0472995e-01  -4.0437301e-04   4.9296610e-07   3.1983651e+00   2.1000000e+01   9.8114361e-04   1.1000000e+01   1.7119935e+02   5.2050801e+00   7.5000000e+01   1.3700000e+02   1.0100000e+02   2.8800000e+02   3.4500000e+02
   1.0000000e+00   9.9768700e+01   7.6264304e+00  -8.7195596e-02   3.0310528e-04  -3.1830237e-07   5.9201453e+00   0.0000000e+00   1.4366689e-03   1.9000000e+01   5.9215820e+00   5.5621697e+00   7.5000000e+01   5.0000000e+01   2.9900000e+02   3.3600000e+02   2.5900000e+02
   2.0000000e+00   1.6934681e-01   1.5183848e+01  -2.4388122e-01   1.2990249e-03  -2.0858890e-06   1.5329224e+01   1.0000000e+04   5.2910827e-03   1.1000000e+01   1.0353345e+03   6.2604298e+00   7.5000000e+01   5.0000000e+01   2.9900000e+02   3.3600000e+02   2.5900000e+02
   3.0000000e+00   9.7272515e+01   7.7942638e+00  -9.0265774e-02   3.1848537e-04  -3.4111029e-07   5.9655411e+00   0.0000000e+00   1.5015798e-03   1.5000000e+01   5.9670427e+00   6.0040225e+00   7.5000000e+01   5.0000000e+01   2.9900000e+02   3.3600000e+02   2.5900000e+02
   4.0000000e+00   8.3881710e+00   1.0720999e+01  -1.1773229e-01   4.1371136e-04  -4.5141205e-07   6.4515498e+00   1.0000000e+00   1.9405737e-03   1.6000000e+01   8.4534903e+00   6.0440602e+00   7.5000000e+01   5.0000000e+01   2.9900000e+02   3.3600000e+02   2.5900000e+02
   5.0000000e+00  -4.2842725e+01   1.2573015e+01  -1.3803881e-01   4.9409049e-04  -5.5557014e-07   6.7655560e+00   7.0000000e+00   2.2978588e-03   1.5000000e+01   3.4767854e+01   6.0397471e+00   7.5000000e+01   5.0000000e+01   2.9900000e+02   3.3600000e+02   2.5900000e+02
   1.0000000e+00  -8.2316620e+01  -2.8746356e+01   5.4973364e-01  -3.0854333e-03   5.4801324e-06   3.7802781e+00   1.0000000e+00   1.0290976e-02   1.1000000e+01   1.7790569e+01   5.5226113e+00   7.5000000e+01   1.1500000e+02   1.4800000e+02   2.1900000e+02   1.8600000e+02
   2.0000000e+00   8.9509696e+00  -4.0243974e+01   7.4600783e-01  -4.2395133e-03   7.7125069e-06   4.0655854e+00   0.0000000e+00   1.5099856e-02   1.1000000e+01   4.0806852e+00   5.0108163e+00   7.5000000e+01   1.1500000e+02   1.4800000e+02   2.1900000e+02   1.8600000e+02
   3.0000000e+00   5.8069509e+01  -3.5528193e+01   6.4762862e-01  -3.6398108e-03   6.5550453e-06   3.7061183e+00   1.0000000e+00   1.2614453e-02   1.4000000e+01   1.7718733e+01   5.7693000e+00   7.5000000e+01   1.1500000e+02   1.4800000e+02   2.1900000e+02   1.8600000e+02
   4.0000000e+00   2.4577357e+01  -3.3507667e+01   6.1836939e-01  -3.4840692e-03   6.2761518e-06   3.6248262e+00   1.0000000e+00   1.2083039e-02   1.1000000e+01   1.7636909e+01   5.3451826e+00   7.5000000e+01   1.1500000e+02   1.4800000e+02   2.1900000e+02   1.8600000e+02
   5.0000000e+00  -2.4595309e+01  -3.9032106e+01   7.3156172e-01  -4.1700362e-03   7.5956709e-06   4.0363435e+00   0.0000000e+00   1.4902629e-02   1.2000000e+01   4.0512461e+00   6.3541833e+00   7.5000000e+01   1.1500000e+02   1.4800000e+02   2.1900000e+02   1.8600000e+02
   1.0000000e+00  -3.6175574e-01   8.0793465e-01  -1.2713657e-03   1.6443251e-05  -4.2871656e-08   1.0967052e+00   3.9000000e+01   0.0000000e+00   1.1000000e+01   7.9096705e+01   5.4103891e+00   7.5000000e+01   1.3100000e+02   1.0800000e+02   2.1100000e+02   1.8300000e+02
   2.0000000e+00  -1.1457784e+01   1.1645584e+00  -4.7742136e-03   2.9174295e-05  -5.6894952e-08   1.0966201e+00   3.9000000e+01   0.0000000e+00   1.1000000e+01   7.9096620e+01   5.3504471e+00   7.5000000e+01   1.3100000e+02   1.0800000e+02   2.1100000e+02   1.8300000e+02
   3.0000000e+00   9.8937544e+01  -1.5098268e+00   1.8911374e-02  -6.1494560e-05   6.9803191e-08   1.0966691e+00   3.9000000e+01   0.0000000e+00   1.1000000e+01   7.9096669e+01   6.4665088e+00   7.5000000e+01   1.3100000e+02   1.0800000e+02   2.1100000e+02   1.8300000e+02
   4.0000000e+00   3.2945564e+01   2.7687707e-01   1.6661705e-03   8.9130900e-06  -3.3436509e-08   1.0966804e+00   3.9000000e+01   0.0000000e+00   1.1000000e+01   7.9096680e+01   4.9356564e+00   7.5000000e+01   1.3100000e+02   1.0800000e+02   2.1100000e+02   1.8300000e+02
   5.0000000e+00  -7.8575007e+01  -3.1798207e-01   3.0999277e-02  -1.7307934e-04   2.8981392e-07   1.1100815e+00   3.8000000e+01   4.2914163e-04   1.1000000e+01   7.7110511e+01   4.9188637e+00   7.5000000e+01   1.3100000e+02   1.0800000e+02   2.1100000e+02   1.8300000e+02
   1.0000000e+00  -9.2755537e+01   7.0787379e+00  -3.7682251e-02   6.2406272e-05   2.3315024e-08   4.0674490e-01   0.0000000e+00   4.7963502e-04   1.1000000e+01   4.0722454e-01   5.1846022e+00   7.5000000e+01   1.4800000e+02   3.4300000e+02   1.8800000e+02   3.5000000e+02
   2.0000000e+00  -8.9066476e+01   9.6199638e+00  -8.2589611e-02   3.2216060e-04  -4.7317628e-07   4.0611419e-01   0.0000000e+00   2.5224144e-04   1.1000000e+01   4.0636643e-01   5.1252529e+00   7.5000000e+01   1.4800000e+02   3.4300000e+02   1.8800000e+02   3.5000000e+02
   3.0000000e+00   7.6864686e+00   9.2380701e+00  -9.5976831e-02   4.3939040e-04  -7.3794817e-07   4.0616197e-01   0.0000000e+00   1.5150523e-05   1.1000000e+01   4.0617712e-01   5.3716226e+00   7.5000000e+01   1.4800000e+02   3.4300000e+02   1.8800000e+02   3.5000000e+02
   4.0000000e+00   3.2312228e+00   8.6267507e+00  -8.4348105e-02   3.7011768e-04  -6.0292387e-07   4.0611465e-01   0.0000000e+00   7.9120467e-05   1.1000000e+01   4.0619377e-01   4.9865064e+00   7.5000000e+01   1.4800000e+02   3.4300000e+02   1.8800000e+02   3.5000000e+02
   5.0000000e+00   4.8311274e+01   1.0414845e+01  -1.2619867e-01   6.3875684e-04  -1.1529521e-06   4.0653992e-01   0.0000000e+00   0.0000000e+00   1.1000000e+01   4.0653992e-01   5.4868150e+00   7.5000000e+01   1.4800000e+02   3.4300000e+02   1.8800000e+02   3.5000000e+02
   1.0000000e+00  -1.3627544e+00   9.7837180e+00  -1.0628913e-01   5.0190781e-04  -8.6319958e-07   1.2250098e+00   0.0000000e+00   1.2712365e-03   1.1000000e+01   1.2262810e+00   6.0141941e+00   7.5000000e+01   8.4000000e+01   3.2500000e+02   2.0500000e+02   3.3700000e+02
   2.0000000e+00  -2.5905092e+01   1.7049558e+01  -2.6222181e-01   1.5624975e-03  -3.1558189e-06   1.7142510e+00   0.0000000e+00   3.0128540e-03   1.6000000e+01   1.7172639e+00   6.4311645e+00   7.5000000e+01   8.4000000e+01   3.2500000e+02   2.0500000e+02   3.3700000e+02
   3.0000000e+00  -6.7786336e+01   1.1593607e+01  -1.2323596e-01   5.6616491e-04  -9.4586534e-07   1.2280797e+00   0.0000000e+00   1.4901250e-03   1.1000000e+01   1.2295699e+00   6.1004446e+00   7.5000000e+01   8.4000000e+01   3.2500000e+02   2.0500000e+02   3.3700000e+02
   4.0000000e+00  -5.5956460e+01   1.2041671e+01  -1.3954693e-01   7.0686392e-04  -1.3027839e-06   1.2576722e+00   0.0000000e+00   1.6147711e-03   1.3000000e+01   1.2592870e+00   5.4386984e+00   7.5000000e+01   8.4000000e+01   3.2500000e+02   2.0500000e+02   3.3700000e+02
   5.0000000e+00  -9.3656899e+00   9.2131320e+00  -9.0759514e-02   3.9108608e-04  -6.2137643e-07   1.2345605e+00   0.0000000e+00   1.0938216e-03   1.1000000e+01   1.2356544e+00   5.5607467e+00   7.5000000e+01   8.4000000e+01   3.2500000e+02   2.0500000e+02   3.3700000e+02
   1.0000000e+00   6.3915551e+01  -6.6043613e-01   2.0939273e-02  -2.7385084e-04   6.7668241e-07   2.7189214e-01   0.0000000e+00   0.0000000e+00   1.1000000e+01   2.7189214e-01   5.6281760e+00   7.5000000e+01   2.0000000e+01   5.7000000e+01   4.7000000e+01   5.4000000e+01
   2.0000000e+00  -5.8681691e+00   7.5914166e+00  -3.3762751e-01   6.8263473e-03  -5.3249607e-05   2.8673864e-01   0.0000000e+00   1.5398272e-02   1.1000000e+01   3.0213691e-01   6.1569400e+00   7.5000000e+01   2.0000000e+01   5.7000000e+01   4.7000000e+01   5.4000000e+01
   3.0000000e+00  -8.2481683e+01   1.7557062e+01  -7.9034003e-01   1.5190831e-02  -1.0656367e-04   2.7836990e-01   0.0000000e+00   3.9994424e-02   1.1000000e+01   3.1836433e-01   5.1146822e+00   7.5000000e+01   2.0000000e+01   5.7000000e+01   4.7000000e+01   5.4000000e+01
   4.0000000e+00   6.1869752e+01  -6.5952706e-01   4.1094975e-02  -1.2835782e-03   1.3446404e-05   2.7367199e-01   0.0000000e+00   7.4660743e-03   1.1000000e+01   2.8113806e-01   6.8140370e+00   7.5000000e+01   2.0000000e+01   5.7000000e+01   4.7000000e+01   5.4000000e+01
   5.0000000e+00   1.3211929e+01   4.8071027e+00  -1.7720876e-01   2.5599483e-03  -1.2187911e-05   2.7541816e-01   0.0000000e+00   9.5094929e-03   1.1000000e+01   2.8492765e-01   5.2537399e+00   7.5000000e+01   2.0000000e+01   5.7000000e+01   4.7000000e+01   5.4000000e+01
   1.0000000e+00   5.3923545e+01   4.5391329e+00  -4.3448719e-02   3.6507376e-04  -1.9039727e-06   6.2716761e-01   0.0000000e+00   7.7388689e-04   1.1000000e+01   6.2794150e-01   5.1509690e+00   7.5000000e+01   3.1000000e+01   1.6200000e+02   5.7000000e+01   2.1900000e+02
   2.0000000e+00   3.7818623e+01   8.8597317e+00  -2.9853568e-01   5.8794381e-03  -4.1939337e-05   6.2807335e-01   0.0000000e+00   4.0737613e-03   1.1000000e+01   6.3214711e-01   5.2190902e+00   7.5000000e+01   3.1000000e+01   1.6200000e+02   5.7000000e+01   2.1900000e+02
   3.0000000e+00   9.7656158e+01   2.4072798e+00  -2.8782372e-02   7.7896288e-04  -6.3106902e-06   6.2652326e-01   0.0000000e+00   0.0000000e+00   1.1000000e+01   6.2652326e-01   5.8490539e+00   7.5000000e+01   3.1000000e+01   1.6200000e+02   5.7000000e+01   2.1900000e+02
   4.0000000e+00  -2.0321224e+01   1.0709654e+01  -2.1373318e-01   2.0189762e-03  -4.7944481e-06   6.2680778e-01   0.0000000e+00   8.5467878e-03   1.1000000e+01   6.3535456e-01   5.1305121e+00   7.5000000e+01   3.1000000e+01   1.6200000e+02   5.7000000e+01   2.1900000e+02
   5.0000000e+00   9.9657923e+01   3.0554810e+00  -8.8798831e-02   2.3926247e-03  -1.9838031e-05   6.2692652e-01   0.0000000e+00   0.0000000e+00   1.1000000e+01   6.2692652e-01   5.1165272e+00   7.5000000e+01   3.1000000e+01   1.6200000e+02   5.7000000e+01   2.1900000e+02
   1.0000000e+00   4.9189397e+01  -9.0686718e+00   6.6323976e-01  -1.0785390e-02   5.7702803e-05   2.0196597e+00   0.0000000e+00   0.0000000e+00   1.1000000e+01   2.0196597e+00   5.5142679e+00   7.5000000e+01   1.8000000e+01   4.4000000e+01   4.6000000e+01   2.4400000e+02
   2.0000000e+00   3.0656161e+01  -6.5581247e+00   5.4825856e-01  -8.7667168e-03   4.6504000e-05   2.0196053e+00   0.0000000e+00   0.0000000e+00   1.1000000e+01   2.0196053e+00   6.4860229e+00   7.5000000e+01   1.8000000e+01   4.4000000e+01   4.6000000e+01   2.4400000e+02
   3.0000000e+00  -6.3159086e+01   3.4589948e+00   1.9903781e-01  -3.7149301e-03   1.9760720e-05   2.0196269e+00   0.0000000e+00   0.0000000e+00   1.1000000e+01   2.0196269e+00   4.8082289e+00   7.5000000e+01   1.8000000e+01   4.4000000e+01   4.6000000e+01   2.4400000e+02
   4.0000000e+00  -2.5598072e+01   2.0715327e-01   2.7370874e-01  -4.3186680e-03   2.2616234e-05   2.0195306e+00   0.0000000e+00   0.0000000e+00   1.1000000e+01   2.0195306e+00   4.9141517e+00   7.5000000e+01   1.8000000e+01   4.4000000e+01   4.6000000e+01   2.4400000e+02
   5.0000000e+00   4.8799619e+01  -8.8187168e+00   6.4239085e-01  -1.0258120e-02   5.3612300e-05   2.0196497e+00   0.0000000e+00   0.0000000e+00   1.1000000e+01   2.0196497e+00   5.4717904e+00   7.5000000e+01   1.8000000e+01   4.4000000e+01   4.6000000e+01   2.4400000e+02
   1.0000000e+00   8.1435466e+01   1.8545061e+01  -7.7570633e-01   1.2175732e-02  -5.8928713e-05   1.4772178e+00   0.0000000e+00   3.4868583e-02   1.2000000e+01   1.5120864e+00   5.1188440e+00   7.5000000e+01   2.7000000e+01   2.2500000e+02   6.9000000e+01   3.3200000e+02
   2.0000000e+00  -5.1639622e+01   1.8931034e+01  -4.4509599e-01   5.1685518e-03  -2.2120827e-05   1.1522622e+00   0.0000000e+00   1.6677014e-02   1.1000000e+01   1.1689392e+00   5.4868795e+00   7.5000000e+01   2.7000000e+01   2.2500000e+02   6.9000000e+01   3.3200000e+02
   3.0000000e+00   7.9397928e+01   7.2666690e+00  -8.3192519e-02   5.5056317e-04  -1.4815936e-06   1.1533290e+00   0.0000000e+00   2.3433063e-03   1.1000000e+01   1.1556723e+00   4.7880593e+00   7.5000000e+01   2.7000000e+01   2.2500000e+02   6.9000000e+01   3.3200000e+02
   4.0000000e+00  -4.8788398e+01  -8.5803562e+01   8.6630055e+00  -2.4251686e-01   1.9731503e-03   2.3232878e+01   1.0000000e+04   3.4441192e-01   1.1000000e+01   1.9904531e+02   5.4362228e+00   7.5000000e+01   2.7000000e+01   2.2500000e+02   6.9000000e+01   3.3200000e+02
   5.0000000e+00  -8.4532314e+01   1.9452889e+01  -3.6755552e-01   2.7483776e-03  -3.4698703e-06   1.1578829e+00   0.0000000e+00   1.4241789e-02   1.1000000e+01   1.1721247e+00   4.9675887e+00   7.5000000e+01   2.7000000e+01   2.2500000e+02   6.9000000e+01   3.3200000e+02
   1.0000000e+00   1.9465161e+01  -4.4070102e+01   2.2103661e+00  -3.3564417e-02   1.6104576e-04   2.5217891e+00   1.1000000e+01   1.3874214e-01   1.1000000e+01   1.6866053e+02   5.3581320e+00   7.5000000e+01   4.1000000e+01   7.0000000e+01   8.8000000e+01   4.3000000e+01
   2.0000000e+00  -4.5681110e-01   1.0532883e+01  -4.3584755e-01   6.8963837e-03  -3.6817458e-05   8.1465267e-01   1.6000000e+01   5.1499234e-03   1.4000000e+01   3.2819803e+01   5.3482363e+00   7.5000000e+01   4.1000000e+01   7.0000000e+01   8.8000000e+01   4.3000000e+01
   3.0000000e+00   8.6955347e+01   1.5583108e+00  -1.3816529e-01   2.9754482e-03  -1.8989963e-05   7.9078144e-01   1.6000000e+01   0.0000000e+00   1.1000000e+01   3.2790781e+01   5.2080473e+00   7.5000000e+01   4.1000000e+01   7.0000000e+01   8.8000000e+01   4.3000000e+01
   4.0000000e+00  -8.7499029e-01   7.2580151e+00  -2.6810379e-01   4.1884450e-03  -2.2894000e-05   7.4640895e-01   1.7000000e+01   2.6029738e-03   1.3000000e+01   3.4749012e+01   5.4308463e+00   7.5000000e+01   4.1000000e+01   7.0000000e+01   8.8000000e+01   4.3000000e+01
   5.0000000e+00   3.5196195e+01  -7.0604483e+01   4.1349484e+00  -7.6217281e-02   4.3588633e-04   8.5461534e+00   1.0000000e+04   9.7143725e-02   1.1000000e+01   2.1300944e+02   5.3884465e+00   7.5000000e+01   4.1000000e+01   7.0000000e+01   8.8000000e+01   4.3000000e+01
