   1.0000000e+00   1.0000000e+00   1.3035647e+02   9.0673477e-02  -5.7468907e-01   3.4429975e-03  -5.1504304e-06   8.1925010e+01   1.0000000e+04   1.9792713e-02   1.1000000e+01   2.0559448e+03   6.6907998e+01   2.0000000e+02   7.0000000e+00   1.0400000e+02   3.4900000e+02   1.1200000e+02
   1.0000000e+00   1.0000000e+00   1.1091240e+02  -1.0667456e+00   1.1647343e-02  -4.6808446e-05   6.3663773e-08   3.5416806e+00   0.0000000e+00   2.5239708e-04   2.4000000e+01   3.5419330e+00   7.5931441e+01   2.0000000e+02   7.0000000e+00   1.0400000e+02   3.4900000e+02   1.1200000e+02
   1.0000000e+00   1.0000000e+00   9.9544804e+01   7.0255916e-01  -9.7197111e-03   3.9847313e-05  -5.0063678e-08   3.4848190e+00   0.0000000e+00   2.3067318e-04   1.9000000e+01   3.4850496e+00   6.7964956e+01   2.0000000e+02   7.0000000e+00   1.0400000e+02   3.4900000e+02   1.1200000e+02
   1.0000000e+00   1.0000000e+00   9.3804661e+01  -5.9539119e-01   3.2990799e-01  -5.3431686e-03   1.2616590e-05   2.8898019e+02   1.0000000e+04   0.0000000e+00   1.6000000e+01   1.9150538e+03   6.3930314e+01   2.0000000e+02   7.0000000e+00   1.0400000e+02   3.4900000e+02   1.1200000e+02
   1.0000000e+00   1.0000000e+00   5.1878279e+01   2.8199037e+00   6.9466451e-01  -4.8861153e-03   8.2347712e-06   1.1335607e+02   1.0000000e+04   0.0000000e+00   1.6000000e+01   2.0333957e+03   7.0215267e+01   2.0000000e+02   7.0000000e+00   1.0400000e+02   3.4900000e+02   1.1200000e+02
   1.0000000e+00   3.0000000e+00   1.3737828e+02   9.9626862e-02   1.5219802e-02  -9.0090530e-05   1.3661498e-07   2.7326852e+00   0.0000000e+00   2.3980159e-04   1.4000000e+01   2.7329250e+00   6.9386525e+01   2.0000000e+02   1.5000000e+01   1.4200000e+02   2.3800000e+02   2.4700000e+02
   1.0000000e+00   3.0000000e+00   1.4230399e+02  -3.0571574e-01   2.0738572e-02  -1.1659047e-04   1.7906213e-07   2.7448312e+00   0.0000000e+00   3.2326005e-04   1.4000000e+01   2.7451544e+00   6.5258102e+01   2.0000000e+02   1.5000000e+01   1.4200000e+02   2.3800000e+02   2.4700000e+02
   1.0000000e+00   3.0000000e+00   1.4115955e+02  -2.0894848e-01   1.9256832e-02  -1.0857897e-04   1.6473798e-07   2.7421147e+00   0.0000000e+00   2.8950951e-04   1.6000000e+01   2.7424042e+00   7.1020430e+01   2.0000000e+02   1.5000000e+01   1.4200000e+02   2.3800000e+02   2.4700000e+02
   1.0000000e+00   3.0000000e+00   1.4644364e+02  -2.3273338e+01   1.7315946e+00  -1.3753882e-02   2.8977325e-05   8.8909630e+01   1.0000000e+04   0.0000000e+00   1.1000000e+01   1.2529926e+03   6.1074800e+01   2.0000000e+02   1.5000000e+01   1.4200000e+02   2.3800000e+02   2.4700000e+02
   1.0000000e+00   3.0000000e+00   1.3223694e+02   4.9165825e-01   1.1815302e-02  -8.2112047e-05   1.3571809e-07   2.7551703e+00   0.0000000e+00   2.8254944e-04   1.4000000e+01   2.7554529e+00   6.4209462e+01   2.0000000e+02   1.5000000e+01   1.4200000e+02   2.3800000e+02   2.4700000e+02
   1.0000000e+00   5.0000000e+00   1.4770050e+02   1.8949594e+01  -3.7106983e-01   2.4710215e-03  -5.3288327e-06   7.7478606e+00   1.0000000e+04   1.3930885e-02   2.6000000e+01   3.5576179e+02   7.2416915e+01   2.0000000e+02   7.0000000e+00   2.6300000e+02   2.2200000e+02   1.5900000e+02
   1.0000000e+00   5.0000000e+00   1.4596471e+02   1.9007609e+01  -3.4177254e-01   2.1565809e-03  -4.5114804e-06   7.0872581e+00   1.0000000e+04   1.2181557e-02   2.1000000e+01   4.6909944e+02   6.3175083e+01   2.0000000e+02   7.0000000e+00   2.6300000e+02   2.2200000e+02   1.5900000e+02
   1.0000000e+00   5.0000000e+00   1.4989324e+02   1.8585746e+01  -3.6347589e-01   2.4179753e-03  -5.2116189e-06   7.6040323e+00   1.0000000e+04   1.3632300e-02   2.0000000e+01   3.5561766e+02   7.1604529e+01   2.0000000e+02   7.0000000e+00   2.6300000e+02   2.2200000e+02   1.5900000e+02
   1.0000000e+00   5.0000000e+00   1.4974341e+02   1.8594798e+01  -3.6148487e-01   2.3848870e-03  -5.1037371e-06   7.4910732e+00   1.0000000e+04   1.3451894e-02   1.9000000e+01   3.5550453e+02   6.9587331e+01   2.0000000e+02   7.0000000e+00   2.6300000e+02   2.2200000e+02   1.5900000e+02
   1.0000000e+00   5.0000000e+00   1.4865792e+02   1.8768053e+01  -3.6423550e-01   2.4083518e-03  -5.1690111e-06   7.5714952e+00   1.0000000e+04   1.3581717e-02   3.0000000e+01   3.6158508e+02   6.6177201e+01   2.0000000e+02   7.0000000e+00   2.6300000e+02   2.2200000e+02   1.5900000e+02
   2.0000000e+00   1.0000000e+00   8.7383598e+01   2.5603734e+00  -2.7358035e-02   1.0095715e-04  -1.2323562e-07   3.8315787e+00   0.0000000e+00   5.8503933e-04   1.8000000e+01   3.8321637e+00   6.1922565e+01   2.0000000e+02   7.0000000e+00   1.0400000e+02   3.4900000e+02   1.1200000e+02
   2.0000000e+00   1.0000000e+00   1.3003236e+02   7.2803781e-01  -6.6284764e-01   3.9803698e-03  -5.9813592e-06   9.3041992e+01   1.0000000e+04   2.2877350e-02   1.1000000e+01   2.1070649e+03   7.0263104e+01   2.0000000e+02   7.0000000e+00   1.0400000e+02   3.4900000e+02   1.1200000e+02
   2.0000000e+00   1.0000000e+00   8.9993015e+01   2.1592765e+00  -2.3167570e-02   8.2821224e-05  -9.6414612e-08   3.7540133e+00   0.0000000e+00   4.8072969e-04   2.3000000e+01   3.7544940e+00   7.0155185e+01   2.0000000e+02   7.0000000e+00   1.0400000e+02   3.4900000e+02   1.1200000e+02
   2.0000000e+00   1.0000000e+00   1.0255298e+02   1.1029903e-01   1.4340923e-02  -8.1794878e-05   1.1467071e-07   4.2975418e+00   0.0000000e+00   4.6971262e-04   2.2000000e+01   4.2980115e+00   6.5689561e+01   2.0000000e+02   7.0000000e+00   1.0400000e+02   3.4900000e+02   1.1200000e+02
   2.0000000e+00   1.0000000e+00   1.0155120e+02   2.6682148e-01   1.2361705e-02  -7.3345831e-05   1.0309639e-07   4.2961511e+00   0.0000000e+00   4.2346037e-04   2.1000000e+01   4.2965745e+00   7.3624054e+01   2.0000000e+02   7.0000000e+00   1.0400000e+02   3.4900000e+02   1.1200000e+02
   2.0000000e+00   3.0000000e+00   1.2989090e+02   8.5045766e-01  -3.0970548e-03   1.5068283e-05  -3.5221557e-08   2.4898383e+00   0.0000000e+00   7.7729937e-05   1.2000000e+01   2.4899160e+00   6.7011595e+01   2.0000000e+02   1.5000000e+01   1.4200000e+02   2.3800000e+02   2.4700000e+02
   2.0000000e+00   3.0000000e+00   1.2585329e+02   1.1542395e+00  -5.4453340e-03   1.7667459e-05  -2.5960886e-08   2.5010201e+00   0.0000000e+00   9.6658834e-05   1.3000000e+01   2.5011168e+00   6.1992801e+01   2.0000000e+02   1.5000000e+01   1.4200000e+02   2.3800000e+02   2.4700000e+02
   2.0000000e+00   3.0000000e+00   5.9881533e+01   6.6694755e+00  -8.6422034e-02   4.6363415e-04  -8.5874036e-07   3.0685937e+00   0.0000000e+00   2.4726584e-03   3.4000000e+01   3.0710664e+00   7.3734449e+01   2.0000000e+02   1.5000000e+01   1.4200000e+02   2.3800000e+02   2.4700000e+02
   2.0000000e+00   3.0000000e+00   1.7672684e+01   9.8738805e+00  -1.1313699e-01   5.0826350e-04  -7.9916749e-07   3.6696794e+00   0.0000000e+00   2.7618807e-03   3.0000000e+01   3.6724413e+00   6.1713170e+01   2.0000000e+02   1.5000000e+01   1.4200000e+02   2.3800000e+02   2.4700000e+02
   2.0000000e+00   3.0000000e+00   1.3382364e+02   5.2720415e-01   1.2694429e-03  -5.0584671e-06  -4.9897968e-09   2.4923178e+00   0.0000000e+00   0.0000000e+00   1.9000000e+01   2.4923178e+00   7.3996077e+01   2.0000000e+02   1.5000000e+01   1.4200000e+02   2.3800000e+02   2.4700000e+02
   2.0000000e+00   5.0000000e+00   1.4717347e+02   1.9269046e+01  -4.0826615e-01   2.8074020e-03  -6.1183065e-06   8.6940846e+00   1.0000000e+04   1.5816536e-02   2.8000000e+01   4.8270990e+02   1.0251167e+02   2.0000000e+02   7.0000000e+00   2.6300000e+02   2.2200000e+02   1.5900000e+02
   2.0000000e+00   5.0000000e+00   1.4670606e+02   1.9374177e+01  -4.1413731e-01   2.8643329e-03  -6.2650398e-06   8.8822923e+00   1.0000000e+04   1.6133471e-02   1.3000000e+01   4.8889843e+02   6.0798619e+01   2.0000000e+02   7.0000000e+00   2.6300000e+02   2.2200000e+02   1.5900000e+02
   2.0000000e+00   5.0000000e+00   1.3875471e+02   2.0562465e+01  -4.2154722e-01   2.8532442e-03  -6.1700738e-06   8.7654111e+00   1.0000000e+04   1.6082893e-02   2.5000000e+01   4.9878149e+02   6.6456129e+01   2.0000000e+02   7.0000000e+00   2.6300000e+02   2.2200000e+02   1.5900000e+02
   2.0000000e+00   5.0000000e+00   3.0997132e+01   3.1039509e+01   3.3422643e-01  -4.9003599e-03   1.2507774e-05   5.2479070e+01   1.0000000e+04   0.0000000e+00   1.1000000e+01   1.4205163e+03   6.5832105e+01   2.0000000e+02   7.0000000e+00   2.6300000e+02   2.2200000e+02   1.5900000e+02
   2.0000000e+00   5.0000000e+00   1.4916105e+02   1.8958831e+01  -4.0442273e-01   2.7945130e-03  -6.1106984e-06   8.6820996e+00   1.0000000e+04   1.5740481e-02   2.4000000e+01   4.5069784e+02   6.7926268e+01   2.0000000e+02   7.0000000e+00   2.6300000e+02   2.2200000e+02   1.5900000e+02
   3.0000000e+00   1.0000000e+00   9.8951959e+01   1.0854814e+00  -5.4628944e-02   3.7329475e-04  -6.4575875e-07   9.0971823e+00   1.0000000e+04   2.1312811e-03   4.5000000e+01   7.6909931e+02   1.1290451e+02   2.0000000e+02   7.0000000e+00   1.0400000e+02   3.4900000e+02   1.1200000e+02
   3.0000000e+00   1.0000000e+00   1.4999155e+02  -3.2435188e-01  -9.3114930e-01   5.6136509e-03  -8.4350489e-06   1.3295401e+02   1.0000000e+04   3.2264817e-02   1.2000000e+01   2.0749863e+03   6.0912343e+01   2.0000000e+02   7.0000000e+00   1.0400000e+02   3.4900000e+02   1.1200000e+02
   3.0000000e+00   1.0000000e+00   9.7424830e+01   8.7079885e-01   1.0307682e-02  -7.5116752e-05   1.1110420e-07   4.7938318e+00   0.0000000e+00   4.7990828e-04   3.3000000e+01   4.7943117e+00   7.5872587e+01   2.0000000e+02   7.0000000e+00   1.0400000e+02   3.4900000e+02   1.1200000e+02
   3.0000000e+00   1.0000000e+00   9.7436606e+01   8.6977566e-01   1.0207258e-02  -7.4208160e-05   1.0934855e-07   4.7928552e+00   0.0000000e+00   4.7065452e-04   2.2000000e+01   4.7933259e+00   6.7109229e+01   2.0000000e+02   7.0000000e+00   1.0400000e+02   3.4900000e+02   1.1200000e+02
   3.0000000e+00   1.0000000e+00   9.7626091e+01   8.3552654e-01   1.1252339e-02  -7.6979478e-05   1.0950198e-07   4.9592068e+00   0.0000000e+00   4.5531176e-04   2.2000000e+01   4.9596621e+00   6.5691789e+01   2.0000000e+02   7.0000000e+00   1.0400000e+02   3.4900000e+02   1.1200000e+02
   3.0000000e+00   3.0000000e+00   1.4616970e+02  -5.7846461e-01   2.1576409e-02  -1.0495643e-04   1.3441521e-07   2.7816149e+00   0.0000000e+00   1.3804111e-04   1.4000000e+01   2.7817529e+00   7.2336505e+01   2.0000000e+02   1.5000000e+01   1.4200000e+02   2.3800000e+02   2.4700000e+02
   3.0000000e+00   3.0000000e+00   1.2511351e+02   1.1585086e+00  -2.3655841e-03   1.3101618e-05  -6.1233057e-08   2.7592581e+00   0.0000000e+00   5.6565807e-05   1.5000000e+01   2.7593146e+00   6.9978276e+01   2.0000000e+02   1.5000000e+01   1.4200000e+02   2.3800000e+02   2.4700000e+02
   3.0000000e+00   3.0000000e+00   1.3482833e+02   3.5479111e-01   8.8613430e-03  -4.3169786e-05   3.3589424e-08   2.7540555e+00   0.0000000e+00   0.0000000e+00   3.0000000e+01   2.7540555e+00   6.8984790e+01   2.0000000e+02   1.5000000e+01   1.4200000e+02   2.3800000e+02   2.4700000e+02
   3.0000000e+00   3.0000000e+00   1.3439827e+02   3.5358414e-01   1.1197975e-02  -6.7046532e-05   9.2884277e-08   2.7393549e+00   0.0000000e+00   1.2827580e-04   3.0000000e+01   2.7394832e+00   7.1756844e+01   2.0000000e+02   1.5000000e+01   1.4200000e+02   2.3800000e+02   2.4700000e+02
   3.0000000e+00   3.0000000e+00   1.3266058e+02   5.3073824e-01   6.6143873e-03  -3.2821112e-05   1.7400019e-08   2.7550099e+00   0.0000000e+00   0.0000000e+00   1.4000000e+01   2.7550099e+00   6.3167305e+01   2.0000000e+02   1.5000000e+01   1.4200000e+02   2.3800000e+02   2.4700000e+02
   3.0000000e+00   5.0000000e+00   1.3746552e+02   1.8031379e+01  -6.6218740e-03  -1.0749659e-03   3.3373675e-06   1.8961910e+01   1.0000000e+04   0.0000000e+00   2.4000000e+01   1.0449732e+03   6.6838393e+01   2.0000000e+02   7.0000000e+00   2.6300000e+02   2.2200000e+02   1.5900000e+02
   3.0000000e+00   5.0000000e+00   1.3663597e+02   2.0648089e+01  -3.8822742e-01   2.5171176e-03  -5.3390213e-06   7.8958636e+00   1.0000000e+04   1.4205750e-02   1.2000000e+01   4.2191007e+02   6.3437443e+01   2.0000000e+02   7.0000000e+00   2.6300000e+02   2.2200000e+02   1.5900000e+02
   3.0000000e+00   5.0000000e+00   1.3168772e+02   8.9120894e+00   1.5048067e+00  -1.4247006e-02   3.2839020e-05   9.9356669e+01   1.0000000e+04   0.0000000e+00   1.2000000e+01   1.2914462e+03   6.9736673e+01   2.0000000e+02   7.0000000e+00   2.6300000e+02   2.2200000e+02   1.5900000e+02
   3.0000000e+00   5.0000000e+00   1.4985634e+02   1.8581090e+01  -3.6195693e-01   2.4033318e-03  -5.1760368e-06   7.5684233e+00   1.0000000e+04   1.3550416e-02   2.5000000e+01   3.6158197e+02   7.1192396e+01   2.0000000e+02   7.0000000e+00   2.6300000e+02   2.2200000e+02   1.5900000e+02
   3.0000000e+00   5.0000000e+00   3.3077465e+01   3.2051232e+01   1.3556742e-01  -3.2071931e-03   8.8184719e-06   4.1464213e+01   1.0000000e+04   0.0000000e+00   1.9000000e+01   1.1754920e+03   6.2687211e+01   2.0000000e+02   7.0000000e+00   2.6300000e+02   2.2200000e+02   1.5900000e+02
