   1.0000000e+00   9.3320591e+01   2.2970978e+00  -1.1922783e-01   1.3080564e-03  -2.8219182e-06   5.4962325e+01   1.0000000e+04   7.3742564e-03   1.2000000e+01   1.6169623e+03   6.3708962e+00   7.5000000e+01   7.0000000e+00   1.0400000e+02   3.4900000e+02   1.1200000e+02
   2.0000000e+00   8.9977790e+01   2.1438997e+00  -2.0461137e-02   5.1237432e-05  -2.7774003e-08   4.3718461e+00   0.0000000e+00   3.0275856e-04   1.3000000e+01   4.3718461e+00   6.0326835e+00   7.5000000e+01   7.0000000e+00   1.0400000e+02   3.4900000e+02   1.1200000e+02
   3.0000000e+00   9.7687722e+01   7.4689238e-01   2.3242248e-02  -1.6167184e-04   2.5581595e-07   5.8030898e+00   0.0000000e+00   1.1726833e-03   1.7000000e+01   5.8030898e+00   6.3845909e+00   7.5000000e+01   7.0000000e+00   1.0400000e+02   3.4900000e+02   1.1200000e+02
   4.0000000e+00  -1.1079657e+01   1.8794914e+01  -3.4774924e-01   1.6338182e-03  -2.2602148e-06   2.3536004e+01   1.0000000e+04   9.4231930e-03   1.1000000e+01   1.2855360e+03   5.5412818e+00   7.5000000e+01   7.0000000e+00   1.0400000e+02   3.4900000e+02   1.1200000e+02
   5.0000000e+00   9.5157356e+01   1.3869913e+00  -1.8175522e-02   7.1469458e-05  -8.7053689e-08   3.6379530e+00   0.0000000e+00   4.1419173e-04   1.4000000e+01   3.6379530e+00   6.2208199e+00   7.5000000e+01   7.0000000e+00   1.0400000e+02   3.4900000e+02   1.1200000e+02
   1.0000000e+00  -3.7366967e+01   1.4037125e+01  -1.3156337e-01  -5.2414988e-04   3.5723426e-06   2.8777997e+01   1.0000000e+04   4.6570970e-03   1.1000000e+01   8.8077800e+02   5.4615339e+00   7.5000000e+01   1.5000000e+01   1.4200000e+02   2.3800000e+02   2.4700000e+02
   2.0000000e+00   2.1255171e+01   9.8327290e+00  -1.2886296e-01   6.8502651e-04  -1.2623050e-06   3.6141491e+00   0.0000000e+00   3.6557292e-03   2.0000000e+01   3.6141491e+00   5.8368797e+00   7.5000000e+01   1.5000000e+01   1.4200000e+02   2.3800000e+02   2.4700000e+02
   3.0000000e+00  -5.4476841e+01   1.6549105e+01  -2.4149833e-01   7.6493605e-04  -8.4178276e-08   1.7442016e+01   1.0000000e+04   4.5593121e-03   1.4000000e+01   8.2144202e+02   5.8126707e+00   7.5000000e+01   1.5000000e+01   1.4200000e+02   2.3800000e+02   2.4700000e+02
   4.0000000e+00   2.7570336e+01   9.1464122e+00  -1.0894541e-01   5.3117032e-04  -9.1853666e-07   3.5165563e+00   0.0000000e+00   2.8563487e-03   2.0000000e+01   3.5165563e+00   6.1198450e+00   7.5000000e+01   1.5000000e+01   1.4200000e+02   2.3800000e+02   2.4700000e+02
   5.0000000e+00   8.5434075e+01   9.4924389e+00  -4.7729888e-01   6.6970790e-03  -2.0366461e-05   7.8832853e+01   1.0000000e+04   3.2850548e-02   1.2000000e+01   1.0328329e+03   5.7202889e+00   7.5000000e+01   1.5000000e+01   1.4200000e+02   2.3800000e+02   2.4700000e+02
   1.0000000e+00   6.6726769e+00   6.2094503e+00  -4.4428189e-02   1.2386410e-04  -1.3000666e-07   1.8730112e+00   0.0000000e+00   5.2477339e-04   1.2000000e+01   1.8730112e+00   5.2566435e+00   7.5000000e+01   7.0000000e+01   2.6300000e+02   2.2200000e+02   2.3500000e+02
   2.0000000e+00   3.7146558e+01   7.1175031e+00  -7.9451530e-02   3.9130734e-04  -7.1960406e-07   1.6948259e+00   0.0000000e+00   1.1389092e-03   1.1000000e+01   1.6948259e+00   5.2264647e+00   7.5000000e+01   7.0000000e+01   2.6300000e+02   2.2200000e+02   2.3500000e+02
   3.0000000e+00   7.0053325e+01   6.6229995e+00  -8.0890749e-02   4.2238974e-04  -7.9876315e-07   1.6549533e+00   0.0000000e+00   1.1924163e-03   1.1000000e+01   1.6549533e+00   5.1629858e+00   7.5000000e+01   7.0000000e+01   2.6300000e+02   2.2200000e+02   2.3500000e+02
   4.0000000e+00  -5.4331157e+01   9.9943429e+00  -1.1020483e-01   5.2423119e-04  -9.1963648e-07   1.6808768e+00   0.0000000e+00   1.6003979e-03   1.2000000e+01   1.6808768e+00   5.4718666e+00   7.5000000e+01   7.0000000e+01   2.6300000e+02   2.2200000e+02   2.3500000e+02
   5.0000000e+00   4.5647600e+01   6.4800158e+00  -6.7092580e-02   3.0729630e-04  -5.3718029e-07   1.6779011e+00   0.0000000e+00   9.4131492e-04   1.1000000e+01   1.6779011e+00   5.2419041e+00   7.5000000e+01   7.0000000e+01   2.6300000e+02   2.2200000e+02   2.3500000e+02
   1.0000000e+00   2.3939170e+01   9.7163711e+00  -1.2698122e-01   5.5795626e-04  -8.0287525e-07   3.7803393e+00   0.0000000e+00   1.5942580e-03   1.2000000e+01   3.7803393e+00   5.3123478e+00   7.5000000e+01   9.1000000e+01   2.2200000e+02   3.1400000e+02   2.4000000e+01
   2.0000000e+00   7.7525933e+01   6.7370109e+00  -8.3215837e-02   3.3248429e-04  -4.3797478e-07   3.2495458e+00   0.0000000e+00   1.0383688e-03   1.3000000e+01   3.2495458e+00   5.3103641e+00   7.5000000e+01   9.1000000e+01   2.2200000e+02   3.1400000e+02   2.4000000e+01
   3.0000000e+00  -3.8906900e+01   9.2706306e+00  -1.0181838e-01   3.9185402e-04  -5.0823616e-07   3.2132204e+00   0.0000000e+00   1.2411363e-03   1.4000000e+01   3.2132204e+00   5.6085091e+00   7.5000000e+01   9.1000000e+01   2.2200000e+02   3.1400000e+02   2.4000000e+01
   4.0000000e+00  -8.6468292e+01   9.9731643e+00  -1.0258504e-01   3.7441488e-04  -4.6272144e-07   3.2011192e+00   0.0000000e+00   1.2359056e-03   1.1000000e+01   3.2011192e+00   7.2886935e+00   7.5000000e+01   9.1000000e+01   2.2200000e+02   3.1400000e+02   2.4000000e+01
   5.0000000e+00  -2.1462729e+01   3.4433223e+00  -5.3806501e-03  -4.0656373e-05   7.7506773e-08   3.9556122e+00   0.0000000e+00   3.4015280e-04   1.4000000e+01   3.9556122e+00   5.8437119e+00   7.5000000e+01   9.1000000e+01   2.2200000e+02   3.1400000e+02   2.4000000e+01
   1.0000000e+00   6.5843292e+01   5.0186113e+00  -5.8776197e-02   3.4843708e-04  -7.2318119e-07   1.7573322e+00   0.0000000e+00   1.0839543e-03   1.1000000e+01   1.7573322e+00   5.3730077e+00   7.5000000e+01   5.8000000e+01   2.1900000e+02   1.8400000e+02   3.4100000e+02
   2.0000000e+00  -5.7585829e+01   8.7917246e+00  -9.4022375e-02   4.7575725e-04  -8.7207866e-07   1.7681838e+00   0.0000000e+00   1.6406100e-03   1.2000000e+01   1.7681838e+00   5.4110623e+00   7.5000000e+01   5.8000000e+01   2.1900000e+02   1.8400000e+02   3.4100000e+02
   3.0000000e+00  -4.7277670e+00   7.4092706e+00  -8.3843372e-02   4.3455480e-04  -7.7300251e-07   1.7742522e+00   0.0000000e+00   1.5313093e-03   1.3000000e+01   1.7742522e+00   5.8754083e+00   7.5000000e+01   5.8000000e+01   2.1900000e+02   1.8400000e+02   3.4100000e+02
   4.0000000e+00  -4.1963740e+01   8.6838691e+00  -1.0037256e-01   5.4933946e-04  -1.0807331e-06   1.7623817e+00   0.0000000e+00   1.7916563e-03   1.1000000e+01   1.7623817e+00   4.8914161e+00   7.5000000e+01   5.8000000e+01   2.1900000e+02   1.8400000e+02   3.4100000e+02
   5.0000000e+00  -9.2930344e+01   9.2726488e+00  -8.7292317e-02   3.8283885e-04  -6.1223776e-07   1.7954236e+00   0.0000000e+00   1.4447982e-03   1.1000000e+01   1.7954236e+00   5.3353820e+00   7.5000000e+01   5.8000000e+01   2.1900000e+02   1.8400000e+02   3.4100000e+02
   1.0000000e+00  -4.7269002e+01   8.2105366e+00  -5.9083966e-02   1.6231567e-04  -1.5993599e-07   2.6225676e+00   0.0000000e+00   3.7893213e-04   1.2000000e+01   2.6225676e+00   5.5254849e+00   7.5000000e+01   1.5500000e+02   3.1800000e+02   3.5200000e+02   1.4600000e+02
   2.0000000e+00  -2.7419008e+01   8.1071875e+00  -6.0404792e-02   1.7245314e-04  -1.7699891e-07   2.6222488e+00   0.0000000e+00   3.7628291e-04   1.2000000e+01   2.6222488e+00   5.4977933e+00   7.5000000e+01   1.5500000e+02   3.1800000e+02   3.5200000e+02   1.4600000e+02
   3.0000000e+00  -3.0667011e+00   7.1516206e+00  -5.0775593e-02   1.3672819e-04  -1.3289927e-07   2.6187559e+00   0.0000000e+00   3.2598386e-04   1.1000000e+01   2.6187559e+00   5.4924886e+00   7.5000000e+01   1.5500000e+02   3.1800000e+02   3.5200000e+02   1.4600000e+02
   4.0000000e+00  -5.9034399e+00   7.3135429e+00  -5.2357025e-02   1.4171927e-04  -1.3784293e-07   2.6204203e+00   0.0000000e+00   3.3753989e-04   1.3000000e+01   2.6204203e+00   5.1203957e+00   7.5000000e+01   1.5500000e+02   3.1800000e+02   3.5200000e+02   1.4600000e+02
   5.0000000e+00  -7.6410720e+01   1.0857660e+01  -8.8318846e-02   2.6737460e-04  -2.8124688e-07   2.6955216e+00   0.0000000e+00   5.5800921e-04   1.1000000e+01   2.6955216e+00   6.4260617e+00   7.5000000e+01   1.5500000e+02   3.1800000e+02   3.5200000e+02   1.4600000e+02
   1.0000000e+00   2.8492277e+01   2.2505010e+00   1.5919093e-02  -3.0138552e-04   8.8738679e-07   1.2671354e+00   0.0000000e+00   2.5789272e-03   1.1000000e+01   1.2671354e+00   5.6793064e+00   7.5000000e+01   1.1600000e+02   1.9400000e+02   2.0600000e+02   1.3100000e+02
   2.0000000e+00  -7.6938978e+00   7.5728548e+00  -7.7318888e-02   2.5904145e-04  -2.2473309e-07   1.2317967e+00   0.0000000e+00   9.2859175e-04   1.1000000e+01   1.2317967e+00   5.3240438e+00   7.5000000e+01   1.1600000e+02   1.9400000e+02   2.0600000e+02   1.3100000e+02
   3.0000000e+00   5.0191632e+01   1.1591059e+01  -1.6802616e-01   8.4351837e-04  -1.4162895e-06   1.2616375e+00   0.0000000e+00   1.1181602e-03   1.2000000e+01   1.2616375e+00   5.3111544e+00   7.5000000e+01   1.1600000e+02   1.9400000e+02   2.0600000e+02   1.3100000e+02
   4.0000000e+00   4.9460225e+01   1.1198757e+01  -1.6157786e-01   8.1240795e-04  -1.3719389e-06   1.2306178e+00   0.0000000e+00   1.0549697e-03   1.1000000e+01   1.2306178e+00   4.9838145e+00   7.5000000e+01   1.1600000e+02   1.9400000e+02   2.0600000e+02   1.3100000e+02
   5.0000000e+00   9.3296479e+00   2.6509791e+00   1.3129372e-02  -2.9447771e-04   8.8442254e-07   1.2709811e+00   0.0000000e+00   2.6057188e-03   1.2000000e+01   1.2709811e+00   6.0824414e+00   7.5000000e+01   1.1600000e+02   1.9400000e+02   2.0600000e+02   1.3100000e+02
   1.0000000e+00   4.4043045e+01   5.9630938e+00  -5.1067180e-02   1.7689068e-04  -2.4325473e-07   2.2182715e+00   0.0000000e+00   1.5059840e-04   1.1000000e+01   2.2182715e+00   5.3715748e+00   7.5000000e+01   1.5600000e+02   2.5900000e+02   2.8600000e+02   8.3000000e+01
   2.0000000e+00   8.7278654e+01  -1.9398398e+00   5.8739499e-02  -3.3528230e-04   5.3647595e-07   2.2549544e+00   0.0000000e+00   1.6706771e-03   1.1000000e+01   2.2549544e+00   5.2753914e+00   7.5000000e+01   1.5600000e+02   2.5900000e+02   2.8600000e+02   8.3000000e+01
   3.0000000e+00   9.6708108e+01   2.2826003e+00  -3.3683988e-03  -4.4741999e-05   9.7998700e-08   2.2058600e+00   0.0000000e+00   4.0421108e-04   1.1000000e+01   2.2058600e+00   6.2277952e+00   7.5000000e+01   1.5600000e+02   2.5900000e+02   2.8600000e+02   8.3000000e+01
   4.0000000e+00  -8.7417774e+01  -2.4285662e+00   8.8154315e-02  -4.9740207e-04   7.9071857e-07   2.3657269e+00   0.0000000e+00   2.4430798e-03   1.5000000e+01   2.3657269e+00   5.7837792e+00   7.5000000e+01   1.5600000e+02   2.5900000e+02   2.8600000e+02   8.3000000e+01
   5.0000000e+00  -5.9996958e+01   6.1098678e+00  -3.8272243e-02   9.3972774e-05  -1.0048083e-07   2.2179818e+00   0.0000000e+00   1.8763642e-04   1.4000000e+01   2.2179818e+00   5.8607697e+00   7.5000000e+01   1.5600000e+02   2.5900000e+02   2.8600000e+02   8.3000000e+01
   1.0000000e+00  -6.2902815e+01   1.4018523e+01  -1.9917929e-01   1.0492122e-03  -1.9048381e-06   2.3697794e+00   0.0000000e+00   4.1009000e-03   1.3000000e+01   2.3697794e+00   5.9645942e+00   7.5000000e+01   4.8000000e+01   2.5700000e+02   2.0800000e+02   1.1200000e+02
   2.0000000e+00   9.9161597e+01   6.6420372e+00  -8.6722338e-02   3.7697912e-04  -5.3914210e-07   2.3073133e+00   0.0000000e+00   1.6407830e-03   1.6000000e+01   2.3073133e+00   6.6556719e+00   7.5000000e+01   4.8000000e+01   2.5700000e+02   2.0800000e+02   1.1200000e+02
   3.0000000e+00  -4.0393149e+01   1.2909225e+01  -1.8105490e-01   9.3884896e-04  -1.6819265e-06   2.3465516e+00   0.0000000e+00   3.6955144e-03   1.1000000e+01   2.3465516e+00   5.3701672e+00   7.5000000e+01   4.8000000e+01   2.5700000e+02   2.0800000e+02   1.1200000e+02
   4.0000000e+00  -1.1631302e+01   8.4138489e+00  -5.5494548e-02  -1.1249956e-04   9.5462421e-07   3.8276320e+00   0.0000000e+00   4.0904867e-03   1.4000000e+01   3.8276320e+00   5.5700649e+00   7.5000000e+01   4.8000000e+01   2.5700000e+02   2.0800000e+02   1.1200000e+02
   5.0000000e+00   8.6272513e+01   8.1582581e+00  -1.2534604e-01   6.7341808e-04  -1.2331881e-06   2.2477905e+00   0.0000000e+00   2.6198758e-03   1.3000000e+01   2.2477905e+00   6.2647912e+00   7.5000000e+01   4.8000000e+01   2.5700000e+02   2.0800000e+02   1.1200000e+02
   1.0000000e+00   1.1294894e+00  -2.2774826e+00   4.9192935e-02  -1.9457443e-04   2.2388643e-07   2.1133432e+00   0.0000000e+00   4.8752194e-04   1.2000000e+01   2.1133432e+00   5.6755546e+00   7.5000000e+01   1.6100000e+02   2.4800000e+02   3.0800000e+02   2.9600000e+02
   2.0000000e+00  -3.8137539e+01   8.7002619e+00  -9.0586364e-02   3.8508369e-04  -5.5600370e-07   1.9676564e+00   0.0000000e+00   1.6210383e-04   1.1000000e+01   1.9676564e+00   5.0406530e+00   7.5000000e+01   1.6100000e+02   2.4800000e+02   3.0800000e+02   2.9600000e+02
   3.0000000e+00  -2.8277087e+01  -3.0179672e+01   4.6647516e-01  -2.1942999e-03   3.2759898e-06   5.7916178e+00   2.0000000e+00   1.1050317e-02   1.2000000e+01   6.3791618e+01   5.6727960e+00   7.5000000e+01   1.6100000e+02   2.4800000e+02   3.0800000e+02   2.9600000e+02
   4.0000000e+00   8.6641327e+01   2.3603647e+00  -2.0135698e-02   1.0006504e-04  -1.7014801e-07   1.8118907e+00   0.0000000e+00   0.0000000e+00   1.1000000e+01   1.8118907e+00   5.6128270e+00   7.5000000e+01   1.6100000e+02   2.4800000e+02   3.0800000e+02   2.9600000e+02
   5.0000000e+00  -2.1912551e+01   1.4028396e+00   4.7847116e-03  -1.8855682e-05  -1.9036738e-09   1.8953748e+00   0.0000000e+00   0.0000000e+00   1.1000000e+01   1.8953748e+00   5.6417593e+00   7.5000000e+01   1.6100000e+02   2.4800000e+02   3.0800000e+02   2.9600000e+02
   1.0000000e+00  -4.2020577e+01   4.1945956e+00  -4.3743958e-02   1.7586069e-04  -2.3624363e-07   2.2619333e+00   0.0000000e+00   4.5983021e-04   1.5000000e+01   2.2619333e+00   9.9843031e+00   7.5000000e+01   1.0500000e+02   9.1000000e+01   3.1900000e+02   1.0700000e+02
   2.0000000e+00   4.6112458e+01   3.3002864e+00  -4.5453653e-02   2.0195233e-04  -2.8219579e-07   2.4612771e+00   0.0000000e+00   5.0058055e-04   1.1000000e+01   2.4612771e+00   5.9407447e+00   7.5000000e+01   1.0500000e+02   9.1000000e+01   3.1900000e+02   1.0700000e+02
   3.0000000e+00   1.6408242e+01   2.3191710e+00  -2.1874681e-02   6.9198893e-05  -6.4657918e-08   2.3801270e+00   0.0000000e+00   2.5225541e-04   1.2000000e+01   2.3801270e+00   5.5563592e+00   7.5000000e+01   1.0500000e+02   9.1000000e+01   3.1900000e+02   1.0700000e+02
   4.0000000e+00  -2.8789504e+01   2.8340682e+00  -2.3585280e-02   8.1234989e-05  -9.7075613e-08   2.1567856e+00   0.0000000e+00   2.4277939e-04   1.2000000e+01   2.1567856e+00   5.5537821e+00   7.5000000e+01   1.0500000e+02   9.1000000e+01   3.1900000e+02   1.0700000e+02
   5.0000000e+00  -8.6134602e+01   4.0046855e+00  -3.1898183e-02   1.0680926e-04  -1.2607894e-07   2.1566626e+00   0.0000000e+00   3.2313661e-04   1.6000000e+01   2.1566626e+00   5.6658072e+00   7.5000000e+01   1.0500000e+02   9.1000000e+01   3.1900000e+02   1.0700000e+02
   1.0000000e+00   8.2209010e+01   6.4379314e+00  -5.2997754e-02   1.7966745e-04  -2.7852134e-07   3.1501423e+00   0.0000000e+00   1.2211943e-04   1.1000000e+01   3.1501423e+00   5.9457367e+00   7.5000000e+01   1.4300000e+02   3.2800000e+02   2.6400000e+02   4.1000000e+01
   2.0000000e+00   9.1244556e+01   6.1893243e+00  -5.0299912e-02   1.6673075e-04  -2.5657609e-07   3.1484291e+00   0.0000000e+00   1.1981537e-04   1.1000000e+01   3.1484291e+00   5.2809600e+00   7.5000000e+01   1.4300000e+02   3.2800000e+02   2.6400000e+02   4.1000000e+01
   3.0000000e+00  -8.1905340e+00   8.3252686e+00  -6.7090862e-02   2.2387899e-04  -3.2774498e-07   3.1478290e+00   0.0000000e+00   2.1845320e-04   1.1000000e+01   3.1478290e+00   6.2299566e+00   7.5000000e+01   1.4300000e+02   3.2800000e+02   2.6400000e+02   4.1000000e+01
   4.0000000e+00  -5.0790198e+01   1.2245053e+01  -1.2233055e-01   4.9670330e-04  -7.7285480e-07   3.1513410e+00   0.0000000e+00   3.2778212e-04   1.1000000e+01   3.1513410e+00   5.8165501e+00   7.5000000e+01   1.4300000e+02   3.2800000e+02   2.6400000e+02   4.1000000e+01
   5.0000000e+00   4.5341014e+01   8.0942940e+00  -7.2163353e-02   2.6278955e-04  -4.0082038e-07   3.1453584e+00   0.0000000e+00   2.0112174e-04   1.1000000e+01   3.1453584e+00   6.5827412e+00   7.5000000e+01   1.4300000e+02   3.2800000e+02   2.6400000e+02   4.1000000e+01
   1.0000000e+00  -4.7757566e+01   6.1262887e+00  -6.1268648e-02   2.2758332e-04  -3.0571236e-07   1.9478691e+00   0.0000000e+00   4.8504831e-04   1.1000000e+01   1.9478691e+00   5.5695724e+00   7.5000000e+01   1.2000000e+02   1.3500000e+02   2.6300000e+02   3.0000000e+00
   2.0000000e+00  -8.1504012e+01   6.8460040e+00  -6.7671949e-02   2.5646185e-04  -3.5545185e-07   1.9499234e+00   0.0000000e+00   5.1506979e-04   1.1000000e+01   1.9499234e+00   5.1928801e+00   7.5000000e+01   1.2000000e+02   1.3500000e+02   2.6300000e+02   3.0000000e+00
   3.0000000e+00   1.1629703e+01   3.5132564e+00  -2.8587704e-02   7.2545649e-05  -5.7467266e-08   1.9512181e+00   0.0000000e+00   2.6976817e-04   1.1000000e+01   1.9512181e+00   5.4484875e+00   7.5000000e+01   1.2000000e+02   1.3500000e+02   2.6300000e+02   3.0000000e+00
   4.0000000e+00   4.0647519e+01   3.6541355e+00  -3.6178619e-02   1.1883628e-04  -1.3754219e-07   1.9494035e+00   0.0000000e+00   3.1689614e-04   1.1000000e+01   1.9494035e+00   6.7945106e+00   7.5000000e+01   1.2000000e+02   1.3500000e+02   2.6300000e+02   3.0000000e+00
   5.0000000e+00  -6.3118132e+00   4.9091180e+00  -4.8906189e-02   1.7604690e-04  -2.3023855e-07   1.9468839e+00   0.0000000e+00   3.9319441e-04   1.1000000e+01   1.9468839e+00   5.5016175e+00   7.5000000e+01   1.2000000e+02   1.3500000e+02   2.6300000e+02   3.0000000e+00
   1.0000000e+00   1.2732701e+01   3.5509473e+00  -5.2110272e-03  -5.8706606e-05   1.4535147e-07   4.5372939e+00   0.0000000e+00   9.0010860e-04   1.6000000e+01   4.5372939e+00   6.2890107e+00   7.5000000e+01   6.5000000e+01   2.0800000e+02   3.5900000e+02   3.1400000e+02
   2.0000000e+00   4.9591482e+01   3.5471471e+00  -2.1282260e-02   7.0689397e-05  -9.2521749e-08   3.6340312e+00   0.0000000e+00   2.7980246e-04   1.2000000e+01   3.6340312e+00   5.3677816e+00   7.5000000e+01   6.5000000e+01   2.0800000e+02   3.5900000e+02   3.1400000e+02
   3.0000000e+00  -1.8211194e+01   4.6768894e+00  -2.0970082e-02   4.1595396e-05  -3.4237428e-08   3.7734686e+00   0.0000000e+00   1.9616199e-04   1.1000000e+01   3.7734686e+00   6.5048131e+00   7.5000000e+01   6.5000000e+01   2.0800000e+02   3.5900000e+02   3.1400000e+02
   4.0000000e+00   5.3884503e+01   3.4693867e+00  -2.1158904e-02   7.1720640e-05  -9.4929231e-08   3.6303707e+00   0.0000000e+00   2.8223424e-04   1.2000000e+01   3.6303707e+00   5.3768012e+00   7.5000000e+01   6.5000000e+01   2.0800000e+02   3.5900000e+02   3.1400000e+02
   5.0000000e+00   1.0338125e+01   3.9652669e+00  -1.3233515e-02  -2.1335018e-05   9.4689026e-08   4.3193643e+00   0.0000000e+00   6.8783054e-04   1.4000000e+01   4.3193643e+00   5.6252088e+00   7.5000000e+01   6.5000000e+01   2.0800000e+02   3.5900000e+02   3.1400000e+02
   1.0000000e+00   1.0653839e+01   1.0160054e+01  -1.1388404e-01   4.2582829e-04  -5.2358432e-07   3.4861131e+00   0.0000000e+00   1.1098770e-03   1.3000000e+01   3.4861131e+00   6.0767999e+00   7.5000000e+01   1.1500000e+02   2.2900000e+02   3.3600000e+02   4.7000000e+01
   2.0000000e+00  -3.9015114e+01   1.1407509e+01  -1.2452709e-01   4.6136405e-04  -5.6406118e-07   3.5640379e+00   0.0000000e+00   1.2113754e-03   1.1000000e+01   3.5640379e+00   6.0190615e+00   7.5000000e+01   1.1500000e+02   2.2900000e+02   3.3600000e+02   4.7000000e+01
   3.0000000e+00  -6.3098958e+01   1.1312989e+01  -1.1789881e-01   4.1817562e-04  -4.8985421e-07   3.5844662e+00   0.0000000e+00   1.1570561e-03   1.4000000e+01   3.5844662e+00   5.7735815e+00   7.5000000e+01   1.1500000e+02   2.2900000e+02   3.3600000e+02   4.7000000e+01
   4.0000000e+00  -5.2811108e+01   2.6795527e+00   6.4483956e-03  -9.0611786e-05   1.4975201e-07   3.5458142e+00   0.0000000e+00   6.6392952e-04   1.3000000e+01   3.5458142e+00   6.9930373e+00   7.5000000e+01   1.1500000e+02   2.2900000e+02   3.3600000e+02   4.7000000e+01
   5.0000000e+00   1.3465396e+00   1.7625503e+00   1.1108003e-02  -9.7201393e-05   1.4801557e-07   3.5407343e+00   0.0000000e+00   6.1038917e-04   1.1000000e+01   3.5407343e+00   5.2956325e+00   7.5000000e+01   1.1500000e+02   2.2900000e+02   3.3600000e+02   4.7000000e+01
   1.0000000e+00   5.6234235e+01  -7.0077061e+00   6.5822275e-02   4.1865678e-03  -4.1519321e-05   3.0368705e+00   1.0000000e+04   0.0000000e+00   1.1000000e+01   8.9036870e+01   5.7188963e+00   7.5000000e+01   4.2000000e+01   5.9000000e+01   7.8000000e+01   3.6000000e+02
   2.0000000e+00  -1.4626290e+01  -8.5941267e+01   4.3178333e+00  -6.7851312e-02   3.5140627e-04   3.0511340e+00   3.0000000e+00   2.5072467e-01   1.1000000e+01   1.2305113e+02   5.1689362e+00   7.5000000e+01   4.2000000e+01   5.9000000e+01   7.8000000e+01   3.6000000e+02
   3.0000000e+00   6.2422073e+01  -6.6538339e+01   3.1537551e+00  -4.7386218e-02   2.3739927e-04   3.0377153e+00   2.0000000e+00   1.6009412e-01   1.1000000e+01   6.9037715e+01   4.9749818e+00   7.5000000e+01   4.2000000e+01   5.9000000e+01   7.8000000e+01   3.6000000e+02
   4.0000000e+00  -2.4788522e+01  -7.2837912e+01   1.2137690e+00   3.2541136e-02  -4.5281266e-04   2.0269088e+01   1.0000000e+04   0.0000000e+00   1.1000000e+01   2.0626909e+02   5.4028027e+00   7.5000000e+01   4.2000000e+01   5.9000000e+01   7.8000000e+01   3.6000000e+02
   5.0000000e+00   1.2476808e+00  -1.0096162e+00  -8.5432273e-02   4.9828524e-03  -3.8021021e-05   3.0321116e+00   1.0000000e+04   0.0000000e+00   1.1000000e+01   9.5032112e+01   5.5847918e+00   7.5000000e+01   4.2000000e+01   5.9000000e+01   7.8000000e+01   3.6000000e+02
   1.0000000e+00   1.0587241e+01   3.3703928e+01  -1.2028919e+00   1.5229378e-02  -6.6979557e-05   3.0109709e+00   0.0000000e+00   5.4403553e-02   1.3000000e+01   3.0109709e+00   5.6754490e+00   7.5000000e+01   2.3000000e+01   3.1600000e+02   8.8000000e+01   2.3000000e+01
   2.0000000e+00   8.9017592e+01   5.5616230e+00   6.4775696e-01  -2.4212620e-02   1.8223507e-04   9.7828899e+00   1.0000000e+04   9.0900927e-02   1.1000000e+01   3.9578289e+02   5.6187221e+00   7.5000000e+01   2.3000000e+01   3.1600000e+02   8.8000000e+01   2.3000000e+01
   3.0000000e+00  -8.5572265e+01  -5.8595148e+00   7.5784793e-01   1.7793804e-02  -2.8965613e-04   4.5652758e+01   1.0000000e+04   0.0000000e+00   1.1000000e+01   4.2365276e+02   5.5508960e+00   7.5000000e+01   2.3000000e+01   3.1600000e+02   8.8000000e+01   2.3000000e+01
   4.0000000e+00  -6.8101580e+01  -1.1947789e+01   1.1067645e+00   1.2026885e-02  -2.6053667e-04   4.6297340e+01   1.0000000e+04   0.0000000e+00   1.1000000e+01   4.2429734e+02   5.4553521e+00   7.5000000e+01   2.3000000e+01   3.1600000e+02   8.8000000e+01   2.3000000e+01
   5.0000000e+00   6.8666348e+01   2.8237620e+01  -1.0348924e+00   1.3323455e-02  -5.9962646e-05   3.0076081e+00   0.0000000e+00   4.6841347e-02   1.5000000e+01   3.0076081e+00   5.6681003e+00   7.5000000e+01   2.3000000e+01   3.1600000e+02   8.8000000e+01   2.3000000e+01
   1.0000000e+00   4.7543497e+01   3.3363278e+01  -1.3903680e+00   2.3813753e-02  -1.4342485e-04   4.9136092e-01   0.0000000e+00   6.3712002e-02   1.1000000e+01   4.9136092e-01   5.2320876e+00   7.5000000e+01   2.3000000e+01   3.2900000e+02   6.0000000e+01   3.2900000e+02
   2.0000000e+00   9.7630771e+01   2.9744267e+00   1.1710259e+00  -4.8864501e-02   4.9320545e-04   3.7420322e+00   0.0000000e+00   4.1702884e-01   2.0000000e+01   3.7420322e+00   7.1296188e+00   7.5000000e+01   2.3000000e+01   3.2900000e+02   6.0000000e+01   3.2900000e+02
   3.0000000e+00  -1.8023986e+01   4.0001092e+01  -1.6382972e+00   2.8073895e-02  -1.7122940e-04   4.6021436e-01   0.0000000e+00   7.3924740e-02   1.1000000e+01   4.6021436e-01   6.2958105e+00   7.5000000e+01   2.3000000e+01   3.2900000e+02   6.0000000e+01   3.2900000e+02
   4.0000000e+00   2.9569069e+01   3.5932410e+01  -1.5358458e+00   2.7475496e-02  -1.7455060e-04   4.7230344e-01   0.0000000e+00   6.8501044e-02   1.1000000e+01   4.7230344e-01   6.2758419e+00   7.5000000e+01   2.3000000e+01   3.2900000e+02   6.0000000e+01   3.2900000e+02
   5.0000000e+00  -3.4309645e+01   4.5909948e+01  -2.0392626e+00   3.7220633e-02  -2.3839495e-04   6.0694688e-01   0.0000000e+00   9.1729786e-02   1.1000000e+01   6.0694688e-01   5.1648839e+00   7.5000000e+01   2.3000000e+01   3.2900000e+02   6.0000000e+01   3.2900000e+02
   1.0000000e+00   1.8067056e+01  -3.4880657e+00   1.9332348e+00  -8.0499774e-02   8.2576574e-04   8.0477891e+00   1.0000000e+04   2.5028133e-01   1.1000000e+01   1.3404779e+02   5.5252133e+00   7.5000000e+01   9.0000000e+00   9.0000000e+01   5.9000000e+01   1.5000000e+01
   2.0000000e+00   6.9141211e+01   5.3739173e+00  -4.1456710e-01   8.8914058e-03  -6.2241465e-05   9.2887859e-01   0.0000000e+00   3.9904278e-02   1.1000000e+01   9.2887859e-01   5.1856953e+00   7.5000000e+01   9.0000000e+00   9.0000000e+01   5.9000000e+01   1.5000000e+01
   3.0000000e+00  -6.7503639e+00   1.9360612e+01  -1.1636279e+00   2.4558596e-02  -1.7444037e-04   1.1191736e+00   0.0000000e+00   1.0967245e-01   1.1000000e+01   1.1191736e+00   5.8834806e+00   7.5000000e+01   9.0000000e+00   9.0000000e+01   5.9000000e+01   1.5000000e+01
   4.0000000e+00  -5.9956338e+01   2.7092662e+01  -1.3881946e+00   2.7152277e-02  -1.8714576e-04   1.4159141e+00   0.0000000e+00   1.2249018e-01   1.1000000e+01   1.4159141e+00   5.9134536e+00   7.5000000e+01   9.0000000e+00   9.0000000e+01   5.9000000e+01   1.5000000e+01
   5.0000000e+00   9.1549471e+01   7.3226518e-01  -1.1962792e-01   2.2489107e-03  -1.3633939e-05   9.0523030e-01   0.0000000e+00   1.0548534e-02   1.1000000e+01   9.0523030e-01   5.1030390e+00   7.5000000e+01   9.0000000e+00   9.0000000e+01   5.9000000e+01   1.5000000e+01
   1.0000000e+00   1.4638752e+01   2.0368903e+01  -6.5966527e+00   3.0609174e-01  -3.6982700e-03   5.3342487e+00   1.0000000e+04   0.0000000e+00   1.1000000e+01   3.5334249e+01   5.1310997e+00   7.5000000e+01   3.6000000e+01   2.6800000e+02   4.8000000e+01   1.3000000e+01
   2.0000000e+00   2.5394267e+01  -5.5996657e+01  -9.1158224e-01   1.6536565e-01  -2.5454650e-03   5.2250570e+00   1.0000000e+04   0.0000000e+00   1.1000000e+01   3.5225057e+01   6.4026817e+00   7.5000000e+01   3.6000000e+01   2.6800000e+02   4.8000000e+01   1.3000000e+01
   3.0000000e+00  -2.6614871e+01   4.6010046e+01  -8.2332376e+00   3.4231328e-01  -3.9666443e-03   5.2751011e+00   1.0000000e+04   0.0000000e+00   1.1000000e+01   3.5275101e+01   5.1364705e+00   7.5000000e+01   3.6000000e+01   2.6800000e+02   4.8000000e+01   1.3000000e+01
   4.0000000e+00  -7.9548873e+00  -9.5435992e+01   2.1459133e+00   8.9064924e-02  -1.9200021e-03   5.1830041e+00   1.0000000e+04   0.0000000e+00   1.1000000e+01   3.5183004e+01   5.0884853e+00   7.5000000e+01   3.6000000e+01   2.6800000e+02   4.8000000e+01   1.3000000e+01
   5.0000000e+00  -2.0134665e+01  -1.3375726e+01  -3.7967614e+00   2.3223565e-01  -3.0631544e-03   5.1831328e+00   1.0000000e+04   0.0000000e+00   1.1000000e+01   3.5183133e+01   6.0394413e+00   7.5000000e+01   3.6000000e+01   2.6800000e+02   4.8000000e+01   1.3000000e+01
