   1.0000000e+00   1.0000000e+00  -1.4469242e+01   2.1534941e+01  -3.3021124e-01   1.7172655e-03  -2.9615575e-06   1.6574494e+00   0.0000000e+00   8.5030123e-04   1.1000000e+01   1.6582997e+00   5.7926124e+00   7.5000000e+01   1.3300000e+02   1.2200000e+02   2.3800000e+02   5.5000000e+01
   1.0000000e+00   1.0000000e+00   8.3779585e+01   2.2731248e+00  -2.4806448e-02   8.9824612e-05  -1.1706152e-07   1.2460557e+00   0.0000000e+00   1.6528730e-04   1.1000000e+01   1.2462210e+00   5.9281981e+00   7.5000000e+01   1.3300000e+02   1.2200000e+02   2.3800000e+02   5.5000000e+01
   1.0000000e+00   1.0000000e+00  -3.8469516e+01   4.7750835e+00  -4.3313271e-02   1.4837683e-04  -1.8384418e-07   1.2464728e+00   0.0000000e+00   3.0343037e-04   1.1000000e+01   1.2467762e+00   5.2051434e+00   7.5000000e+01   1.3300000e+02   1.2200000e+02   2.3800000e+02   5.5000000e+01
   1.0000000e+00   1.0000000e+00   2.9338386e+01   3.7508885e+00  -3.9306238e-02   1.5079081e-04  -2.0988945e-07   1.2460936e+00   0.0000000e+00   2.3477776e-04   1.1000000e+01   1.2463283e+00   5.3375166e+00   7.5000000e+01   1.3300000e+02   1.2200000e+02   2.3800000e+02   5.5000000e+01
   1.0000000e+00   1.0000000e+00   9.8741937e+01   2.3267614e+00  -2.8623558e-02   1.1587961e-04  -1.6779049e-07   1.2462694e+00   0.0000000e+00   1.5969044e-04   1.1000000e+01   1.2464290e+00   5.1864192e+00   7.5000000e+01   1.3300000e+02   1.2200000e+02   2.3800000e+02   5.5000000e+01
   1.0000000e+00   2.0000000e+00   4.8017582e+00   1.4319550e+01  -2.1754869e-01   1.3345021e-03  -2.8960573e-06   2.2058394e+00   0.0000000e+00   2.6550989e-03   1.3000000e+01   2.2084945e+00   6.1744300e+00   7.5000000e+01   7.7000000e+01   3.2500000e+02   2.0500000e+02   1.8000000e+02
   1.0000000e+00   2.0000000e+00  -1.8082735e+01   1.4814260e+01  -2.2044380e-01   1.3383552e-03  -2.8904283e-06   2.2033567e+00   0.0000000e+00   2.6886196e-03   1.1000000e+01   2.2060453e+00   5.1185222e+00   7.5000000e+01   7.7000000e+01   3.2500000e+02   2.0500000e+02   1.8000000e+02
   1.0000000e+00   2.0000000e+00  -5.5940933e+01   1.5845952e+01  -2.3021930e-01   1.3792457e-03  -2.9556003e-06   2.2060051e+00   0.0000000e+00   2.8135250e-03   1.3000000e+01   2.2088186e+00   5.6896368e+00   7.5000000e+01   7.7000000e+01   3.2500000e+02   2.0500000e+02   1.8000000e+02
   1.0000000e+00   2.0000000e+00  -8.3399391e+01   1.3840540e+01  -1.7383166e-01   9.7928955e-04  -2.0980331e-06   2.3398577e+00   0.0000000e+00   1.9985721e-03   1.1000000e+01   2.3418563e+00   5.1812390e+00   7.5000000e+01   7.7000000e+01   3.2500000e+02   2.0500000e+02   1.8000000e+02
   1.0000000e+00   2.0000000e+00   5.7147009e+01   1.0846152e+01  -1.5726169e-01   9.6602096e-04  -2.1596035e-06   2.2376238e+00   0.0000000e+00   1.8051786e-03   1.4000000e+01   2.2394289e+00   5.3404352e+00   7.5000000e+01   7.7000000e+01   3.2500000e+02   2.0500000e+02   1.8000000e+02
   1.0000000e+00   3.0000000e+00   9.9994448e+01  -1.1381271e+00   8.1343429e-01  -7.2031509e-03   1.6067948e-05   5.0910545e+01   1.0000000e+04   0.0000000e+00   1.1000000e+01   1.1609587e+03   5.4748816e+00   7.5000000e+01   4.0000000e+00   1.0800000e+02   2.3700000e+02   3.2500000e+02
   1.0000000e+00   3.0000000e+00   9.9525057e+01  -8.3738153e-02   5.7103708e-01  -5.1512321e-03   1.1646504e-05   3.6269188e+01   1.0000000e+04   0.0000000e+00   1.1000000e+01   1.0863045e+03   6.1357085e+00   7.5000000e+01   4.0000000e+00   1.0800000e+02   2.3700000e+02   3.2500000e+02
   1.0000000e+00   3.0000000e+00   9.9992007e+01   2.0428861e+00  -1.0459719e-02   6.0034889e-05  -1.4923555e-07   3.4054260e+00   0.0000000e+00   3.4588272e-04   1.7000000e+01   3.4057719e+00   5.7835361e+00   7.5000000e+01   4.0000000e+00   1.0800000e+02   2.3700000e+02   3.2500000e+02
   1.0000000e+00   3.0000000e+00   9.9999072e+01  -3.7104448e-01   6.1468070e-01  -5.5150981e-03   1.2426230e-05   3.8781445e+01   1.0000000e+04   0.0000000e+00   1.1000000e+01   1.1008190e+03   5.1912689e+00   7.5000000e+01   4.0000000e+00   1.0800000e+02   2.3700000e+02   3.2500000e+02
   1.0000000e+00   3.0000000e+00   9.9900220e+01   2.7478880e-01   4.5392484e-01  -4.1340957e-03   9.4127354e-06   2.9107997e+01   1.0000000e+04   0.0000000e+00   1.1000000e+01   1.0431367e+03   6.0966472e+00   7.5000000e+01   4.0000000e+00   1.0800000e+02   2.3700000e+02   3.2500000e+02
   1.0000000e+00   4.0000000e+00   9.3654766e+01   7.1308989e-01   8.3045423e-03  -5.2533586e-05   9.7246342e-08   1.8498407e+00   0.0000000e+00   1.6325049e-04   1.1000000e+01   1.8500040e+00   5.2045332e+00   7.5000000e+01   7.6000000e+01   1.7600000e+02   2.0500000e+02   3.0800000e+02
   1.0000000e+00   4.0000000e+00   7.9453956e+01   1.3160159e+00  -5.9860831e-04   1.0504492e-06  -1.4229339e-08   1.8504851e+00   0.0000000e+00   0.0000000e+00   1.1000000e+01   1.8504851e+00   5.8078177e+00   7.5000000e+01   7.6000000e+01   1.7600000e+02   2.0500000e+02   3.0800000e+02
   1.0000000e+00   4.0000000e+00   8.4749194e+00   3.5626030e+00  -2.6009177e-02   1.2484572e-04  -2.3403782e-07   1.8528744e+00   0.0000000e+00   3.2218935e-04   1.1000000e+01   1.8531966e+00   6.5507435e+00   7.5000000e+01   7.6000000e+01   1.7600000e+02   2.0500000e+02   3.0800000e+02
   1.0000000e+00   4.0000000e+00   8.5111178e+01   7.2691913e-01   1.1649852e-02  -8.6135783e-05   1.8478896e-07   1.8507963e+00   0.0000000e+00   3.9234697e-04   1.1000000e+01   1.8511886e+00   5.6825684e+00   7.5000000e+01   7.6000000e+01   1.7600000e+02   2.0500000e+02   3.0800000e+02
   1.0000000e+00   4.0000000e+00   3.2650203e+01   2.2730543e+00  -4.2643750e-03  -1.6492004e-05   7.3984860e-08   1.8524121e+00   0.0000000e+00   2.6505349e-04   1.1000000e+01   1.8526772e+00   5.2928409e+00   7.5000000e+01   7.6000000e+01   1.7600000e+02   2.0500000e+02   3.0800000e+02
