   1.0000000e+00   1.0000000e+00   1.0556978e+02  -2.3115607e-01   9.9142191e-04  -7.9166417e-07   3.4430963e+00   0.0000000e+00   0.0000000e+00   1.5000000e+01   3.4430963e+00   5.5940026e+00   7.5000000e+01   7.0000000e+00   1.0400000e+02   3.4900000e+02   1.1200000e+02
   1.0000000e+00   1.0000000e+00   1.0601991e+02  -2.9866842e-01   1.4553057e-03  -1.5771490e-06   3.4486862e+00   0.0000000e+00   0.0000000e+00   2.1000000e+01   3.4486862e+00   6.4595851e+00   7.5000000e+01   7.0000000e+00   1.0400000e+02   3.4900000e+02   1.1200000e+02
   1.0000000e+00   1.0000000e+00   1.0469525e+02  -9.6560125e-02  -4.0947309e-04   2.1378867e-06   3.4612868e+00   0.0000000e+00   1.2827320e-05   2.0000000e+01   3.4612997e+00   6.7055831e+00   7.5000000e+01   7.0000000e+00   1.0400000e+02   3.4900000e+02   1.1200000e+02
   1.0000000e+00   1.0000000e+00   1.0568619e+02  -2.4299929e-01   2.9301479e-04   1.3039981e-06   3.4867688e+00   0.0000000e+00   7.8239889e-06   2.4000000e+01   3.4867766e+00   6.3902165e+00   7.5000000e+01   7.0000000e+00   1.0400000e+02   3.4900000e+02   1.1200000e+02
   1.0000000e+00   1.0000000e+00   1.0609473e+02  -3.1034009e-01   1.5979924e-03  -1.8919280e-06   3.4479292e+00   0.0000000e+00   0.0000000e+00   1.7000000e+01   3.4479292e+00   5.4751859e+00   7.5000000e+01   7.0000000e+00   1.0400000e+02   3.4900000e+02   1.1200000e+02
   1.0000000e+00   2.0000000e+00   1.1693930e+02   1.7504027e+00  -5.3297233e-03   1.1394844e-06   2.7785571e+00   0.0000000e+00   6.8369066e-06   1.5000000e+01   2.7785639e+00   5.3617211e+00   7.5000000e+01   1.5000000e+01   1.4200000e+02   2.3800000e+02   2.4700000e+02
   1.0000000e+00   2.0000000e+00   1.2457087e+02   1.1649187e+00  -2.7937117e-05  -1.1366809e-05   2.7472711e+00   0.0000000e+00   0.0000000e+00   1.2000000e+01   2.7472711e+00   5.6658639e+00   7.5000000e+01   1.5000000e+01   1.4200000e+02   2.3800000e+02   2.4700000e+02
   1.0000000e+00   2.0000000e+00   1.2929796e+02   8.0208818e-01   3.2684131e-03  -1.9162208e-05   2.7413812e+00   0.0000000e+00   0.0000000e+00   1.7000000e+01   2.7413812e+00   5.6042870e+00   7.5000000e+01   1.5000000e+01   1.4200000e+02   2.3800000e+02   2.4700000e+02
   1.0000000e+00   2.0000000e+00   1.8908653e+02  -3.9334351e+00   5.5337135e-02  -1.5877171e-04   4.5453255e+00   0.0000000e+00   0.0000000e+00   1.7000000e+01   4.5453255e+00   5.9723949e+00   7.5000000e+01   1.5000000e+01   1.4200000e+02   2.3800000e+02   2.4700000e+02
   1.0000000e+00   2.0000000e+00   1.3080120e+02   6.8312205e-01   4.5706658e-03  -2.2645121e-05   2.7606999e+00   0.0000000e+00   0.0000000e+00   1.4000000e+01   2.7606999e+00   5.2492429e+00   7.5000000e+01   1.5000000e+01   1.4200000e+02   2.3800000e+02   2.4700000e+02
   1.0000000e+00   3.0000000e+00   2.6192928e+02   1.5031768e-01   4.2173045e-04  -6.3320083e-06   3.4685525e+00   0.0000000e+00   0.0000000e+00   1.8000000e+01   3.4685525e+00   5.7449493e+00   7.5000000e+01   7.0000000e+00   2.6300000e+02   3.1100000e+02   1.5900000e+02
   1.0000000e+00   3.0000000e+00   4.9402829e+02  -3.4701568e+01   2.4559833e-01  -4.4206298e-04   2.7314754e+01   1.0000000e+04   0.0000000e+00   1.4000000e+01   1.4333148e+03   5.5109648e+00   7.5000000e+01   7.0000000e+00   2.6300000e+02   3.1100000e+02   1.5900000e+02
   1.0000000e+00   3.0000000e+00   2.6237538e+02   8.2603350e-02   9.9933267e-04  -7.5039809e-06   3.4691447e+00   0.0000000e+00   0.0000000e+00   1.6000000e+01   3.4691447e+00   5.7813490e+00   7.5000000e+01   7.0000000e+00   2.6300000e+02   3.1100000e+02   1.5900000e+02
   1.0000000e+00   3.0000000e+00   2.6175361e+02   1.7692672e-01   2.0247159e-04  -5.8962672e-06   3.4694961e+00   0.0000000e+00   0.0000000e+00   1.8000000e+01   3.4694961e+00   6.4895715e+00   7.5000000e+01   7.0000000e+00   2.6300000e+02   3.1100000e+02   1.5900000e+02
   1.0000000e+00   3.0000000e+00   2.6222345e+02   1.0571854e-01   7.9480843e-04  -7.0802842e-06   3.4680184e+00   0.0000000e+00   0.0000000e+00   1.4000000e+01   3.4680184e+00   6.4315708e+00   7.5000000e+01   7.0000000e+00   2.6300000e+02   3.1100000e+02   1.5900000e+02
   1.0000000e+00   4.0000000e+00   1.1473549e+02   1.1904430e+00   1.7414023e-03  -2.0550630e-05   3.8968537e+00   0.0000000e+00   0.0000000e+00   1.1000000e+01   3.8968537e+00   5.9923361e+00   7.5000000e+01   9.1000000e+01   2.2200000e+02   3.1400000e+02   2.4000000e+01
   1.0000000e+00   4.0000000e+00   9.0741602e+01   1.6630944e+00  -9.7729912e-04  -1.5911146e-05   3.8952453e+00   0.0000000e+00   0.0000000e+00   1.1000000e+01   3.8952453e+00   6.9018602e+00   7.5000000e+01   9.1000000e+01   2.2200000e+02   3.1400000e+02   2.4000000e+01
   1.0000000e+00   4.0000000e+00   1.0107774e+02   1.4612646e+00   1.6864063e-04  -1.7847461e-05   3.8937496e+00   0.0000000e+00   0.0000000e+00   1.1000000e+01   3.8937496e+00   6.6114385e+00   7.5000000e+01   9.1000000e+01   2.2200000e+02   3.1400000e+02   2.4000000e+01
   1.0000000e+00   4.0000000e+00   5.1329966e+01   2.4391899e+00  -5.4391671e-03  -8.2998253e-06   3.8971093e+00   0.0000000e+00   0.0000000e+00   1.1000000e+01   3.8971093e+00   5.2201091e+00   7.5000000e+01   9.1000000e+01   2.2200000e+02   3.1400000e+02   2.4000000e+01
   1.0000000e+00   4.0000000e+00   1.7196348e+01   3.1086239e+00  -9.2648531e-03  -1.8032404e-06   3.9055228e+00   0.0000000e+00   0.0000000e+00   1.1000000e+01   3.9055228e+00   5.2210135e+00   7.5000000e+01   9.1000000e+01   2.2200000e+02   3.1400000e+02   2.4000000e+01
   1.0000000e+00   5.0000000e+00   1.6816020e+02   8.1406836e-01   1.2597022e-03  -3.1458766e-06   1.7538995e+00   0.0000000e+00   0.0000000e+00   1.1000000e+01   1.7538995e+00   7.4726584e+00   7.5000000e+01   5.8000000e+01   2.1900000e+02   1.8400000e+02   3.4100000e+02
   1.0000000e+00   5.0000000e+00   1.6354531e+02   9.4544826e-01   2.2109432e-04  -6.4100717e-07   1.7538543e+00   0.0000000e+00   0.0000000e+00   1.1000000e+01   1.7538543e+00   5.7780393e+00   7.5000000e+01   5.8000000e+01   2.1900000e+02   1.8400000e+02   3.4100000e+02
   1.0000000e+00   5.0000000e+00   1.7001341e+02   7.4345320e-01   2.0816952e-03  -5.8249698e-06   1.7539548e+00   0.0000000e+00   0.0000000e+00   1.1000000e+01   1.7539548e+00   7.1557800e+00   7.5000000e+01   5.8000000e+01   2.1900000e+02   1.8400000e+02   3.4100000e+02
   1.0000000e+00   5.0000000e+00   1.6089364e+02   1.0433556e+00  -8.8402630e-04   2.8988716e-06   1.7539121e+00   0.0000000e+00   1.7393230e-05   1.1000000e+01   1.7539295e+00   5.4069017e+00   7.5000000e+01   5.8000000e+01   2.1900000e+02   1.8400000e+02   3.4100000e+02
   1.0000000e+00   5.0000000e+00   1.5666859e+02   1.1437697e+00  -1.3843806e-03   3.3305017e-06   1.7539229e+00   0.0000000e+00   1.9983010e-05   1.1000000e+01   1.7539429e+00   5.7651052e+00   7.5000000e+01   5.8000000e+01   2.1900000e+02   1.8400000e+02   3.4100000e+02
   2.0000000e+00   1.0000000e+00   4.9582072e+02  -1.2867427e+00   9.5348772e-04  -3.4457203e-07   2.6178077e+00   0.0000000e+00   0.0000000e+00   1.1000000e+01   2.6178077e+00   5.4963094e+00   7.5000000e+01   1.5500000e+02   3.1800000e+02   3.5200000e+02   1.4600000e+02
   2.0000000e+00   1.0000000e+00   4.2354114e+02  -2.9156446e-01  -3.3775890e-03   5.5850225e-06   2.6206235e+00   0.0000000e+00   3.3510135e-05   1.1000000e+01   2.6206571e+00   5.3998478e+00   7.5000000e+01   1.5500000e+02   3.1800000e+02   3.5200000e+02   1.4600000e+02
   2.0000000e+00   1.0000000e+00   4.8059282e+02  -1.0896180e+00   1.5754229e-04   6.7483959e-07   2.6176940e+00   0.0000000e+00   4.0490375e-06   1.1000000e+01   2.6176980e+00   5.8714182e+00   7.5000000e+01   1.5500000e+02   3.1800000e+02   3.5200000e+02   1.4600000e+02
   2.0000000e+00   1.0000000e+00   4.7591832e+02  -1.0323606e+00  -5.6552198e-05   9.2813013e-07   2.6175576e+00   0.0000000e+00   5.5687808e-06   1.1000000e+01   2.6175632e+00   5.7901804e+00   7.5000000e+01   1.5500000e+02   3.1800000e+02   3.5200000e+02   1.4600000e+02
   2.0000000e+00   1.0000000e+00   4.8208687e+02  -1.1122570e+00   2.6628685e-04   5.1436453e-07   2.6175862e+00   0.0000000e+00   3.0861872e-06   1.1000000e+01   2.6175893e+00   5.2821605e+00   7.5000000e+01   1.5500000e+02   3.1800000e+02   3.5200000e+02   1.4600000e+02
   2.0000000e+00   2.0000000e+00   4.5906811e+02  -2.3960417e+00  -2.8374821e-03   3.2708063e-05   1.2218793e+00   0.0000000e+00   1.9624838e-04   1.1000000e+01   1.2220756e+00   5.2584603e+00   7.5000000e+01   1.1600000e+02   1.9400000e+02   2.0600000e+02   1.3100000e+02
   2.0000000e+00   2.0000000e+00   4.9964761e+02  -3.1784300e+00   2.0351046e-03   2.2849630e-05   1.2217677e+00   0.0000000e+00   1.3709778e-04   1.1000000e+01   1.2219048e+00   5.3896303e+00   7.5000000e+01   1.1600000e+02   1.9400000e+02   2.0600000e+02   1.3100000e+02
   2.0000000e+00   2.0000000e+00   2.5703782e+02   1.4962201e+00  -2.7056407e-02   8.1665700e-05   1.2238164e+00   0.0000000e+00   4.8999420e-04   1.1000000e+01   1.2243064e+00   5.0041963e+00   7.5000000e+01   1.1600000e+02   1.9400000e+02   2.0600000e+02   1.3100000e+02
   2.0000000e+00   2.0000000e+00   2.6195710e+02   1.4038747e+00  -2.6499415e-02   8.0575237e-05   1.2240663e+00   0.0000000e+00   4.8345142e-04   1.1000000e+01   1.2245497e+00   5.7954092e+00   7.5000000e+01   1.1600000e+02   1.9400000e+02   2.0600000e+02   1.3100000e+02
   2.0000000e+00   2.0000000e+00   4.8966913e+02  -2.9861072e+00   8.3782957e-04   2.5271044e-05   1.2217750e+00   0.0000000e+00   1.5162627e-04   1.1000000e+01   1.2219266e+00   5.3174577e+00   7.5000000e+01   1.1600000e+02   1.9400000e+02   2.0600000e+02   1.3100000e+02
   2.0000000e+00   3.0000000e+00  -1.4613841e+02   6.7898899e+00  -3.4002479e-02   4.5674632e-05   2.2064545e+00   0.0000000e+00   2.7404779e-04   1.1000000e+01   2.2067286e+00   5.4468010e+00   7.5000000e+01   1.5600000e+02   2.5900000e+02   2.8600000e+02   8.3000000e+01
   2.0000000e+00   3.0000000e+00  -5.0578030e+01   5.3530592e+00  -2.7004969e-02   3.4688957e-05   2.2058598e+00   0.0000000e+00   2.0813374e-04   1.1000000e+01   2.2060679e+00   5.4264222e+00   7.5000000e+01   1.5600000e+02   2.5900000e+02   2.8600000e+02   8.3000000e+01
   2.0000000e+00   3.0000000e+00  -1.6572728e+01   4.8423311e+00  -2.4520543e-02   3.0792467e-05   2.2057617e+00   0.0000000e+00   1.8475480e-04   1.1000000e+01   2.2059465e+00   5.6497447e+00   7.5000000e+01   1.5600000e+02   2.5900000e+02   2.8600000e+02   8.3000000e+01
   2.0000000e+00   3.0000000e+00  -2.2754738e+01   4.9355334e+00  -2.4975710e-02   3.1508772e-05   2.2057623e+00   0.0000000e+00   1.8905263e-04   1.1000000e+01   2.2059514e+00   5.1952452e+00   7.5000000e+01   1.5600000e+02   2.5900000e+02   2.8600000e+02   8.3000000e+01
   2.0000000e+00   3.0000000e+00  -4.1588168e+01   5.2191673e+00  -2.6359339e-02   3.3684126e-05   2.2057889e+00   0.0000000e+00   2.0210475e-04   1.1000000e+01   2.2059910e+00   5.2572060e+00   7.5000000e+01   1.5600000e+02   2.5900000e+02   2.8600000e+02   8.3000000e+01
   2.0000000e+00   4.0000000e+00   2.7890562e+02  -3.2225894e-02  -1.0376284e-02   3.2083535e-05   2.1847078e+00   0.0000000e+00   1.9250121e-04   1.1000000e+01   2.1849003e+00   5.8114092e+00   7.5000000e+01   4.8000000e+01   2.5700000e+02   2.0800000e+02   1.1200000e+02
   2.0000000e+00   4.0000000e+00   3.1277077e+02  -1.0928399e+00  -2.0541676e-03   1.2825044e-05   2.1868696e+00   0.0000000e+00   7.6950262e-05   1.1000000e+01   2.1869466e+00   5.4070659e+00   7.5000000e+01   4.8000000e+01   2.5700000e+02   2.0800000e+02   1.1200000e+02
   2.0000000e+00   4.0000000e+00   2.9075354e+02  -4.0431817e-01  -7.4383236e-03   2.5242638e-05   2.1838985e+00   0.0000000e+00   1.5145583e-04   1.1000000e+01   2.1840499e+00   5.4270996e+00   7.5000000e+01   4.8000000e+01   2.5700000e+02   2.0800000e+02   1.1200000e+02
   2.0000000e+00   4.0000000e+00   2.9009793e+02  -3.8298927e-01  -7.6198497e-03   2.5695219e-05   2.1841073e+00   0.0000000e+00   1.5417131e-04   1.1000000e+01   2.1842615e+00   7.7423951e+00   7.5000000e+01   4.8000000e+01   2.5700000e+02   2.0800000e+02   1.1200000e+02
   2.0000000e+00   4.0000000e+00   2.9063206e+02  -4.0099002e-01  -7.4559640e-03   2.5264019e-05   2.1837671e+00   0.0000000e+00   1.5158412e-04   1.1000000e+01   2.1839187e+00   5.5798685e+00   7.5000000e+01   4.8000000e+01   2.5700000e+02   2.0800000e+02   1.1200000e+02
   2.0000000e+00   5.0000000e+00   4.8156851e+02  -4.9085567e+00   3.0229181e-02  -5.2754745e-05   1.9002733e+00   0.0000000e+00   0.0000000e+00   1.1000000e+01   1.9002733e+00   5.7049057e+00   7.5000000e+01   1.5100000e+02   2.4800000e+02   3.0800000e+02   2.9600000e+02
   2.0000000e+00   5.0000000e+00   4.9914799e+02  -5.1412161e+00   3.1191063e-02  -5.4026845e-05   1.8975620e+00   0.0000000e+00   0.0000000e+00   1.1000000e+01   1.8975620e+00   5.5218288e+00   7.5000000e+01   1.5100000e+02   2.4800000e+02   3.0800000e+02   2.9600000e+02
   2.0000000e+00   5.0000000e+00   4.7646103e+02  -4.8370224e+00   2.9910852e-02  -5.2300477e-05   1.8997512e+00   0.0000000e+00   0.0000000e+00   1.1000000e+01   1.8997512e+00   5.6244633e+00   7.5000000e+01   1.5100000e+02   2.4800000e+02   3.0800000e+02   2.9600000e+02
   2.0000000e+00   5.0000000e+00   4.9111894e+02  -5.0432084e+00   3.0833210e-02  -5.3623326e-05   1.9015654e+00   0.0000000e+00   0.0000000e+00   1.1000000e+01   1.9015654e+00   4.8663754e+00   7.5000000e+01   1.5100000e+02   2.4800000e+02   3.0800000e+02   2.9600000e+02
   2.0000000e+00   5.0000000e+00   4.7315843e+02  -4.7915233e+00   2.9712479e-02  -5.2022999e-05   1.8996718e+00   0.0000000e+00   0.0000000e+00   1.1000000e+01   1.8996718e+00   7.3824196e+00   7.5000000e+01   1.5100000e+02   2.4800000e+02   3.0800000e+02   2.9600000e+02
   3.0000000e+00   1.0000000e+00   9.9335587e+01  -1.4281806e-01   6.4389503e-04  -3.7890824e-07   2.1486176e+00   0.0000000e+00   0.0000000e+00   1.1000000e+01   2.1486176e+00   6.4585685e+00   7.5000000e+01   1.0500000e+02   9.1000000e+01   3.1900000e+02   1.0700000e+02
   3.0000000e+00   1.0000000e+00   8.9097004e+01   4.4564313e-02  -3.9314591e-04   1.3460115e-06   2.1496297e+00   0.0000000e+00   8.0760689e-06   1.1000000e+01   2.1496377e+00   5.0887162e+00   7.5000000e+01   1.0500000e+02   9.1000000e+01   3.1900000e+02   1.0700000e+02
   3.0000000e+00   1.0000000e+00   8.7132364e+01   7.6120120e-02  -5.3643869e-04   1.5456296e-06   2.1494528e+00   0.0000000e+00   9.2737774e-06   1.1000000e+01   2.1494621e+00   4.9253480e+00   7.5000000e+01   1.0500000e+02   9.1000000e+01   3.1900000e+02   1.0700000e+02
   3.0000000e+00   1.0000000e+00   9.8415399e+01  -1.2958240e-01   5.9632884e-04  -3.3151725e-07   2.1483914e+00   0.0000000e+00   0.0000000e+00   1.1000000e+01   2.1483914e+00   5.8658163e+00   7.5000000e+01   1.0500000e+02   9.1000000e+01   3.1900000e+02   1.0700000e+02
   3.0000000e+00   1.0000000e+00   1.3319101e+02  -7.4396751e-01   3.8393657e-03  -5.5315264e-06   2.1510586e+00   0.0000000e+00   0.0000000e+00   1.1000000e+01   2.1510586e+00   5.4421644e+00   7.5000000e+01   1.0500000e+02   9.1000000e+01   3.1900000e+02   1.0700000e+02
   3.0000000e+00   2.0000000e+00   3.8151501e+02  -3.0830852e-01   3.3880535e-03  -2.6916426e-05   3.1474857e+00   0.0000000e+00   0.0000000e+00   1.1000000e+01   3.1474857e+00   5.9118754e+00   7.5000000e+01   1.4300000e+02   3.2800000e+02   2.6400000e+02   4.1000000e+01
   3.0000000e+00   2.0000000e+00   4.7983308e+02  -1.7724705e+00   1.0350068e-02  -3.7623306e-05   3.1442418e+00   0.0000000e+00   0.0000000e+00   1.1000000e+01   3.1442418e+00   5.8760455e+00   7.5000000e+01   1.4300000e+02   3.2800000e+02   2.6400000e+02   4.1000000e+01
   3.0000000e+00   2.0000000e+00   4.5769120e+02  -1.4447313e+00   8.8037350e-03  -3.5265016e-05   3.1449838e+00   0.0000000e+00   0.0000000e+00   1.1000000e+01   3.1449838e+00   5.2094925e+00   7.5000000e+01   1.4300000e+02   3.2800000e+02   2.6400000e+02   4.1000000e+01
   3.0000000e+00   2.0000000e+00   4.8584303e+02  -1.8616241e+00   1.0771896e-02  -3.8268596e-05   3.1440503e+00   0.0000000e+00   0.0000000e+00   1.1000000e+01   3.1440503e+00   4.8233532e+00   7.5000000e+01   1.4300000e+02   3.2800000e+02   2.6400000e+02   4.1000000e+01
   3.0000000e+00   2.0000000e+00   4.9024686e+02  -1.9270712e+00   1.1082280e-02  -3.8744596e-05   3.1439144e+00   0.0000000e+00   0.0000000e+00   1.1000000e+01   3.1439144e+00   5.3740276e+00   7.5000000e+01   1.4300000e+02   3.2800000e+02   2.6400000e+02   4.1000000e+01
   3.0000000e+00   3.0000000e+00   2.4583807e+02  -9.2469418e-01   1.1669633e-05  -2.4774035e-08   1.9460987e+00   0.0000000e+00   0.0000000e+00   1.1000000e+01   1.9460987e+00   5.6631353e+00   7.5000000e+01   1.2000000e+02   1.3500000e+02   2.6300000e+02   3.0000000e+00
   3.0000000e+00   3.0000000e+00   2.4216134e+02  -8.6798079e-01  -2.5159828e-04   3.5843278e-07   1.9461035e+00   0.0000000e+00   2.1505967e-06   1.1000000e+01   1.9461056e+00   5.7683143e+00   7.5000000e+01   1.2000000e+02   1.3500000e+02   2.6300000e+02   3.0000000e+00
   3.0000000e+00   3.0000000e+00   2.4576578e+02  -9.2193249e-01  -1.3490014e-05   3.4936815e-08   1.9460988e+00   0.0000000e+00   2.0962089e-07   1.1000000e+01   1.9460990e+00   5.3546146e+00   7.5000000e+01   1.2000000e+02   1.3500000e+02   2.6300000e+02   3.0000000e+00
   3.0000000e+00   3.0000000e+00   2.5334840e+02  -1.0482174e+00   6.4260003e-04  -1.0507807e-06   1.9461081e+00   0.0000000e+00   0.0000000e+00   1.1000000e+01   1.9461081e+00   5.4377427e+00   7.5000000e+01   1.2000000e+02   1.3500000e+02   2.6300000e+02   3.0000000e+00
   3.0000000e+00   3.0000000e+00   2.9606488e+02  -1.7307098e+00   3.9875745e-03  -6.2504508e-06   1.9466215e+00   0.0000000e+00   0.0000000e+00   1.1000000e+01   1.9466215e+00   5.3666849e+00   7.5000000e+01   1.2000000e+02   1.3500000e+02   2.6300000e+02   3.0000000e+00
   3.0000000e+00   4.0000000e+00  -1.2690555e+02   7.5974639e+00  -4.2010529e-02   6.7600850e-05   4.6237045e+00   0.0000000e+00   4.0560510e-04   1.4000000e+01   4.6241101e+00   5.2873212e+00   7.5000000e+01   6.5000000e+01   2.0800000e+02   3.5900000e+02   3.1400000e+02
   3.0000000e+00   4.0000000e+00   8.0867202e+01   2.3053969e+00  -5.5459016e-03   2.5991165e-06   3.6088760e+00   0.0000000e+00   1.5594699e-05   1.1000000e+01   3.6088916e+00   5.5918566e+00   7.5000000e+01   6.5000000e+01   2.0800000e+02   3.5900000e+02   3.1400000e+02
   3.0000000e+00   4.0000000e+00   2.8203857e+02  -9.4252810e-01  -4.3272270e-03   2.0057508e-05   4.9415168e+00   0.0000000e+00   1.2034505e-04   1.5000000e+01   4.9416371e+00   5.2696947e+00   7.5000000e+01   6.5000000e+01   2.0800000e+02   3.5900000e+02   3.1400000e+02
   3.0000000e+00   4.0000000e+00   1.7983799e+02   1.1668399e-01   5.7889313e-03  -1.4130865e-05   3.5790262e+00   0.0000000e+00   0.0000000e+00   1.1000000e+01   3.5790262e+00   5.7774654e+00   7.5000000e+01   6.5000000e+01   2.0800000e+02   3.5900000e+02   3.1400000e+02
   3.0000000e+00   4.0000000e+00   6.3761205e+01   2.6887468e+00  -7.5969746e-03   5.7076768e-06   3.6206916e+00   0.0000000e+00   3.4246061e-05   1.3000000e+01   3.6207258e+00   5.5097394e+00   7.5000000e+01   6.5000000e+01   2.0800000e+02   3.5900000e+02   3.1400000e+02
   3.0000000e+00   5.0000000e+00  -1.9377422e+02   6.1616377e+00  -2.4424810e-02   2.4462236e-05   3.5506451e+00   0.0000000e+00   1.4677341e-04   1.1000000e+01   3.5507919e+00   5.2299412e+00   7.5000000e+01   1.1500000e+02   2.2900000e+02   3.3600000e+02   4.7000000e+01
   3.0000000e+00   5.0000000e+00  -2.1294327e+02   6.4891668e+00  -2.6132336e-02   2.7148338e-05   3.5510344e+00   0.0000000e+00   1.6289003e-04   1.2000000e+01   3.5511973e+00   5.5382365e+00   7.5000000e+01   1.1500000e+02   2.2900000e+02   3.3600000e+02   4.7000000e+01
   3.0000000e+00   5.0000000e+00  -2.3282584e+02   6.8321374e+00  -2.7941353e-02   3.0018533e-05   3.5498252e+00   0.0000000e+00   1.8011120e-04   1.1000000e+01   3.5500054e+00   4.8920161e+00   7.5000000e+01   1.1500000e+02   2.2900000e+02   3.3600000e+02   4.7000000e+01
   3.0000000e+00   5.0000000e+00  -2.1910289e+02   6.5931489e+00  -2.6666272e-02   2.7978771e-05   3.5521460e+00   0.0000000e+00   1.6787263e-04   1.1000000e+01   3.5523139e+00   5.6533578e+00   7.5000000e+01   1.1500000e+02   2.2900000e+02   3.3600000e+02   4.7000000e+01
   3.0000000e+00   5.0000000e+00  -2.2286722e+02   6.6596176e+00  -2.7026684e-02   2.8561901e-05   3.5508495e+00   0.0000000e+00   1.7137141e-04   1.1000000e+01   3.5510209e+00   5.2603590e+00   7.5000000e+01   1.1500000e+02   2.2900000e+02   3.3600000e+02   4.7000000e+01
